TimeAll	TimeExperiment	R	Theta
3.100540e+002	7.900000e-002	6.623355e-005	-6.099043e+001
3.101470e+002	1.719999e-001	6.622433e-005	-6.091733e+001
3.102740e+002	2.990000e-001	6.623925e-005	-6.097421e+001
3.103840e+002	4.089999e-001	6.626575e-005	-6.092377e+001
3.104930e+002	5.179999e-001	6.632918e-005	-6.094862e+001
3.106020e+002	6.270001e-001	6.620591e-005	-6.094638e+001
3.106960e+002	7.210000e-001	6.626426e-005	-6.100162e+001
3.108050e+002	8.299999e-001	6.626563e-005	-6.091550e+001
3.109140e+002	9.389999e-001	6.626558e-005	-6.104860e+001
3.110080e+002	1.033000e+000	6.622331e-005	-6.096987e+001
3.111170e+002	1.142000e+000	6.631110e-005	-6.100389e+001
3.112100e+002	1.235000e+000	6.631781e-005	-6.104183e+001
3.113200e+002	1.345000e+000	6.619440e-005	-6.101427e+001
3.114130e+002	1.438000e+000	6.631132e-005	-6.101420e+001
3.115220e+002	1.547000e+000	6.619599e-005	-6.106630e+001
3.116160e+002	1.641000e+000	6.634172e-005	-6.108204e+001
3.117100e+002	1.735000e+000	6.623230e-005	-6.104833e+001
3.118030e+002	1.828000e+000	6.617910e-005	-6.101487e+001
3.119120e+002	1.937000e+000	6.616434e-005	-6.109726e+001
3.120060e+002	2.031000e+000	6.620619e-005	-6.103696e+001
3.121150e+002	2.140000e+000	6.625483e-005	-6.102421e+001
3.122090e+002	2.234000e+000	6.614563e-005	-6.107516e+001
3.123020e+002	2.327000e+000	6.624501e-005	-6.108440e+001
3.123960e+002	2.421000e+000	6.615501e-005	-6.104723e+001
3.125050e+002	2.530000e+000	6.615101e-005	-6.113205e+001
3.126140e+002	2.639000e+000	6.624252e-005	-6.107214e+001
3.127080e+002	2.733000e+000	6.613693e-005	-6.098986e+001
3.128170e+002	2.842000e+000	6.614430e-005	-6.114111e+001
3.129260e+002	2.951000e+000	6.616998e-005	-6.101435e+001
3.130200e+002	3.045000e+000	6.612071e-005	-6.111467e+001
3.131290e+002	3.154000e+000	6.620622e-005	-6.107038e+001
3.132230e+002	3.248000e+000	6.616094e-005	-6.108739e+001
3.133320e+002	3.357000e+000	6.624847e-005	-6.108155e+001
3.134260e+002	3.451000e+000	6.603035e-005	-6.116270e+001
3.135190e+002	3.544000e+000	6.618883e-005	-6.106478e+001
3.136130e+002	3.638000e+000	6.626767e-005	-6.109944e+001
3.137060e+002	3.731000e+000	6.622537e-005	-6.104591e+001
3.138160e+002	3.841000e+000	6.609916e-005	-6.105701e+001
3.139090e+002	3.934000e+000	6.609043e-005	-6.111938e+001
3.140030e+002	4.028000e+000	6.619185e-005	-6.107679e+001
3.141120e+002	4.137000e+000	6.613963e-005	-6.112643e+001
3.142060e+002	4.231000e+000	6.618340e-005	-6.102032e+001
3.142990e+002	4.324000e+000	6.617253e-005	-6.098330e+001
3.143930e+002	4.418000e+000	6.616597e-005	-6.112645e+001
3.144860e+002	4.511000e+000	6.614781e-005	-6.106624e+001
3.145800e+002	4.605000e+000	6.616880e-005	-6.106866e+001
3.146740e+002	4.699000e+000	6.612630e-005	-6.109008e+001
3.147670e+002	4.792000e+000	6.615880e-005	-6.112408e+001
3.148760e+002	4.901000e+000	6.625385e-005	-6.112614e+001
3.149700e+002	4.995000e+000	6.620085e-005	-6.110510e+001
3.150640e+002	5.089000e+000	6.605175e-005	-6.108276e+001
3.151570e+002	5.182000e+000	6.626647e-005	-6.108372e+001
3.152510e+002	5.276000e+000	6.614041e-005	-6.112877e+001
3.153440e+002	5.369000e+000	6.620792e-005	-6.111443e+001
3.154380e+002	5.463000e+000	6.622286e-005	-6.112148e+001
3.155320e+002	5.557000e+000	6.615702e-005	-6.117308e+001
3.156410e+002	5.666000e+000	6.611247e-005	-6.110136e+001
3.157500e+002	5.775000e+000	6.614259e-005	-6.122113e+001
3.158590e+002	5.884000e+000	6.608101e-005	-6.102439e+001
3.159680e+002	5.993000e+000	6.620425e-005	-6.117558e+001
3.160620e+002	6.087000e+000	6.612818e-005	-6.116768e+001
3.161560e+002	6.181000e+000	6.619396e-005	-6.110498e+001
3.162490e+002	6.274000e+000	6.617250e-005	-6.117082e+001
3.163430e+002	6.368000e+000	6.624981e-005	-6.118529e+001
3.164520e+002	6.477000e+000	6.607311e-005	-6.113657e+001
3.165610e+002	6.586000e+000	6.616785e-005	-6.114964e+001
3.166700e+002	6.695000e+000	6.619726e-005	-6.115641e+001
3.167800e+002	6.805000e+000	6.606998e-005	-6.118003e+001
3.168730e+002	6.898000e+000	6.613242e-005	-6.123796e+001
3.169820e+002	7.007000e+000	6.603015e-005	-6.118975e+001
3.170760e+002	7.101000e+000	6.613506e-005	-6.113430e+001
3.171700e+002	7.195000e+000	6.617638e-005	-6.127256e+001
3.172630e+002	7.288000e+000	6.614292e-005	-6.110048e+001
3.173720e+002	7.397000e+000	6.614777e-005	-6.119457e+001
3.174820e+002	7.507000e+000	6.608621e-005	-6.122525e+001
3.175910e+002	7.616000e+000	6.611984e-005	-6.120107e+001
3.176840e+002	7.709000e+000	6.601665e-005	-6.112910e+001
3.177940e+002	7.819000e+000	6.598995e-005	-6.129404e+001
3.178870e+002	7.912000e+000	6.605461e-005	-6.117360e+001
3.179960e+002	8.021000e+000	6.611789e-005	-6.116880e+001
3.180900e+002	8.115000e+000	6.609344e-005	-6.122897e+001
3.181990e+002	8.224000e+000	6.611671e-005	-6.123460e+001
3.183080e+002	8.333000e+000	6.614575e-005	-6.119266e+001
3.184020e+002	8.427000e+000	6.607280e-005	-6.111768e+001
3.185110e+002	8.536000e+000	6.607986e-005	-6.132873e+001
3.186200e+002	8.645000e+000	6.608075e-005	-6.123065e+001
3.187140e+002	8.739000e+000	6.608626e-005	-6.115972e+001
3.188080e+002	8.833000e+000	6.611040e-005	-6.121782e+001
3.189010e+002	8.926000e+000	6.610071e-005	-6.126255e+001
3.190100e+002	9.035000e+000	6.612426e-005	-6.130109e+001
3.191200e+002	9.145000e+000	6.606042e-005	-6.120584e+001
3.192130e+002	9.238000e+000	6.610446e-005	-6.125662e+001
3.193070e+002	9.332000e+000	6.600751e-005	-6.111940e+001
3.194000e+002	9.425000e+000	6.603222e-005	-6.122929e+001
3.195100e+002	9.535000e+000	6.605574e-005	-6.124831e+001
3.196190e+002	9.644000e+000	6.613827e-005	-6.114323e+001
3.197280e+002	9.753000e+000	6.603714e-005	-6.122406e+001
3.198220e+002	9.847000e+000	6.599045e-005	-6.134717e+001
3.199310e+002	9.956000e+000	6.610134e-005	-6.125019e+001
3.200400e+002	1.006500e+001	6.603215e-005	-6.118502e+001
3.201490e+002	1.017400e+001	6.603694e-005	-6.129716e+001
3.202590e+002	1.028400e+001	6.610500e-005	-6.126801e+001
3.203680e+002	1.039300e+001	6.596863e-005	-6.126014e+001
3.204610e+002	1.048600e+001	6.609431e-005	-6.129691e+001
3.205550e+002	1.058000e+001	6.609319e-005	-6.123811e+001
3.206490e+002	1.067400e+001	6.607291e-005	-6.129044e+001
3.207420e+002	1.076700e+001	6.604166e-005	-6.121435e+001
3.208360e+002	1.086100e+001	6.602929e-005	-6.134875e+001
3.209290e+002	1.095400e+001	6.597397e-005	-6.116328e+001
3.210390e+002	1.106400e+001	6.609636e-005	-6.123240e+001
3.211480e+002	1.117300e+001	6.606083e-005	-6.131054e+001
3.212410e+002	1.126600e+001	6.606569e-005	-6.127541e+001
3.213510e+002	1.137600e+001	6.608310e-005	-6.131707e+001
3.214600e+002	1.148500e+001	6.598660e-005	-6.129986e+001
3.215530e+002	1.157800e+001	6.603858e-005	-6.123319e+001
3.216470e+002	1.167200e+001	6.593324e-005	-6.133395e+001
3.217560e+002	1.178100e+001	6.602049e-005	-6.132563e+001
3.218500e+002	1.187500e+001	6.610714e-005	-6.134822e+001
3.219430e+002	1.196800e+001	6.609004e-005	-6.133025e+001
3.220530e+002	1.207800e+001	6.579859e-005	-6.152329e+001
3.221620e+002	1.218700e+001	6.596054e-005	-6.151043e+001
3.222710e+002	1.229600e+001	6.578328e-005	-6.147116e+001
3.223650e+002	1.239000e+001	6.574064e-005	-6.137185e+001
3.224740e+002	1.249900e+001	6.581658e-005	-6.156607e+001
3.225830e+002	1.260800e+001	6.584365e-005	-6.147454e+001
3.226920e+002	1.271700e+001	6.577382e-005	-6.153323e+001
3.227860e+002	1.281100e+001	6.578079e-005	-6.142537e+001
3.228950e+002	1.292000e+001	6.568041e-005	-6.155898e+001
3.230040e+002	1.302900e+001	6.585800e-005	-6.142437e+001
3.231130e+002	1.313800e+001	6.579500e-005	-6.152230e+001
3.232230e+002	1.324800e+001	6.589449e-005	-6.147336e+001
3.233320e+002	1.335700e+001	6.585430e-005	-6.154123e+001
3.234250e+002	1.345000e+001	6.580098e-005	-6.150562e+001
3.235190e+002	1.354400e+001	6.572582e-005	-6.156895e+001
3.236130e+002	1.363800e+001	6.567237e-005	-6.157992e+001
3.237060e+002	1.373100e+001	6.585788e-005	-6.156800e+001
3.238150e+002	1.384000e+001	6.575413e-005	-6.150078e+001
3.239250e+002	1.395000e+001	6.575193e-005	-6.159542e+001
3.240340e+002	1.405900e+001	6.578698e-005	-6.147644e+001
3.241430e+002	1.416800e+001	6.574572e-005	-6.155479e+001
3.242520e+002	1.427700e+001	6.585920e-005	-6.158653e+001
3.243460e+002	1.437100e+001	6.569768e-005	-6.151409e+001
3.244390e+002	1.446400e+001	6.565023e-005	-6.151028e+001
3.245330e+002	1.455800e+001	6.575884e-005	-6.156306e+001
3.246270e+002	1.465200e+001	6.583547e-005	-6.154926e+001
3.247200e+002	1.474500e+001	6.569151e-005	-6.163149e+001
3.248140e+002	1.483900e+001	6.567714e-005	-6.156469e+001
3.249070e+002	1.493200e+001	6.564747e-005	-6.158167e+001
3.250010e+002	1.502600e+001	6.572861e-005	-6.159558e+001
3.250950e+002	1.512000e+001	6.574782e-005	-6.151084e+001
3.252040e+002	1.522900e+001	6.573996e-005	-6.159322e+001
3.252970e+002	1.532200e+001	6.567209e-005	-6.159457e+001
3.254070e+002	1.543200e+001	6.580595e-005	-6.159230e+001
3.255160e+002	1.554100e+001	6.576553e-005	-6.160427e+001
3.256090e+002	1.563400e+001	6.563345e-005	-6.157133e+001
3.257190e+002	1.574400e+001	6.575632e-005	-6.154220e+001
3.258280e+002	1.585300e+001	6.571900e-005	-6.153123e+001
3.259370e+002	1.596200e+001	6.570350e-005	-6.163652e+001
3.260310e+002	1.605600e+001	6.580073e-005	-6.153537e+001
3.261240e+002	1.614900e+001	6.562981e-005	-6.157773e+001
3.262180e+002	1.624300e+001	6.561297e-005	-6.167199e+001
3.263110e+002	1.633600e+001	6.573810e-005	-6.162600e+001
3.264210e+002	1.644600e+001	6.568003e-005	-6.152645e+001
3.265300e+002	1.655500e+001	6.559118e-005	-6.166621e+001
3.266390e+002	1.666400e+001	6.576298e-005	-6.165630e+001
3.267480e+002	1.677300e+001	6.574544e-005	-6.156511e+001
3.268570e+002	1.688200e+001	6.560744e-005	-6.153735e+001
3.269670e+002	1.699200e+001	6.574319e-005	-6.168106e+001
3.270600e+002	1.708500e+001	6.560620e-005	-6.160565e+001
3.271690e+002	1.719400e+001	6.572880e-005	-6.152697e+001
3.272630e+002	1.728800e+001	6.571846e-005	-6.161512e+001
3.273720e+002	1.739700e+001	6.572481e-005	-6.164029e+001
3.274660e+002	1.749100e+001	6.581675e-005	-6.154733e+001
3.275590e+002	1.758400e+001	6.560840e-005	-6.156509e+001
3.276690e+002	1.769400e+001	6.558941e-005	-6.158067e+001
3.277780e+002	1.780300e+001	6.569834e-005	-6.168813e+001
3.278870e+002	1.791200e+001	6.563385e-005	-6.180095e+001
3.279960e+002	1.802100e+001	6.567495e-005	-6.174413e+001
3.281050e+002	1.813000e+001	6.563386e-005	-6.165831e+001
3.281990e+002	1.822400e+001	6.562153e-005	-6.174094e+001
3.283080e+002	1.833300e+001	6.559123e-005	-6.169494e+001
3.284170e+002	1.844200e+001	6.558402e-005	-6.176717e+001
3.285270e+002	1.855200e+001	6.559837e-005	-6.169444e+001
3.286360e+002	1.866100e+001	6.563034e-005	-6.170931e+001
3.287290e+002	1.875400e+001	6.561874e-005	-6.171189e+001
3.288230e+002	1.884800e+001	6.559386e-005	-6.168757e+001
3.289320e+002	1.895700e+001	6.557226e-005	-6.158383e+001
3.290260e+002	1.905100e+001	6.561793e-005	-6.168738e+001
3.291190e+002	1.914400e+001	6.563602e-005	-6.175215e+001
3.292290e+002	1.925400e+001	6.559712e-005	-6.171074e+001
3.293380e+002	1.936300e+001	6.566394e-005	-6.168956e+001
3.294470e+002	1.947200e+001	6.561564e-005	-6.169284e+001
3.295560e+002	1.958100e+001	6.563836e-005	-6.164693e+001
3.296650e+002	1.969000e+001	6.558566e-005	-6.171821e+001
3.297750e+002	1.980000e+001	6.552468e-005	-6.174866e+001
3.298680e+002	1.989300e+001	6.550372e-005	-6.172506e+001
3.299770e+002	2.000200e+001	6.558871e-005	-6.176058e+001
3.300870e+002	2.011200e+001	6.553131e-005	-6.172673e+001
3.301960e+002	2.022100e+001	6.561468e-005	-6.169151e+001
3.303050e+002	2.033000e+001	6.559240e-005	-6.174973e+001
3.304140e+002	2.043900e+001	6.558374e-005	-6.175338e+001
3.305230e+002	2.054800e+001	6.549185e-005	-6.183186e+001
3.306330e+002	2.065800e+001	6.555900e-005	-6.173832e+001
3.307420e+002	2.076700e+001	6.559610e-005	-6.171654e+001
3.308350e+002	2.086000e+001	6.558107e-005	-6.180429e+001
3.309290e+002	2.095400e+001	6.551477e-005	-6.177476e+001
3.310230e+002	2.104800e+001	6.548616e-005	-6.174514e+001
3.311320e+002	2.115700e+001	6.540670e-005	-6.171901e+001
3.312250e+002	2.125000e+001	6.550682e-005	-6.183977e+001
3.313350e+002	2.136000e+001	6.554634e-005	-6.175152e+001
3.314280e+002	2.145300e+001	6.553320e-005	-6.176618e+001
3.315220e+002	2.154700e+001	6.543093e-005	-6.176818e+001
3.316150e+002	2.164000e+001	6.537559e-005	-6.181835e+001
3.317250e+002	2.175000e+001	6.544845e-005	-6.163757e+001
3.318180e+002	2.184300e+001	6.546529e-005	-6.167565e+001
3.319120e+002	2.193700e+001	6.553549e-005	-6.177990e+001
3.320210e+002	2.204600e+001	6.551599e-005	-6.171283e+001
3.321150e+002	2.214000e+001	6.547547e-005	-6.184697e+001
3.322080e+002	2.223300e+001	6.558097e-005	-6.178175e+001
3.323170e+002	2.234200e+001	6.551770e-005	-6.175459e+001
3.324270e+002	2.245200e+001	6.551084e-005	-6.177179e+001
3.325360e+002	2.256100e+001	6.534135e-005	-6.174302e+001
3.326450e+002	2.267000e+001	6.547475e-005	-6.180182e+001
3.327540e+002	2.277900e+001	6.537512e-005	-6.182188e+001
3.328630e+002	2.288800e+001	6.538293e-005	-6.168953e+001
3.329570e+002	2.298200e+001	6.543504e-005	-6.179783e+001
3.330660e+002	2.309100e+001	6.544901e-005	-6.179231e+001
3.331600e+002	2.318500e+001	6.543875e-005	-6.177096e+001
3.332530e+002	2.327800e+001	6.544354e-005	-6.180969e+001
3.333470e+002	2.337200e+001	6.544440e-005	-6.180642e+001
3.334560e+002	2.348100e+001	6.533997e-005	-6.171043e+001
3.335650e+002	2.359000e+001	6.555609e-005	-6.182369e+001
3.336750e+002	2.370000e+001	6.542866e-005	-6.182655e+001
3.337840e+002	2.380900e+001	6.544118e-005	-6.191379e+001
3.338770e+002	2.390200e+001	6.541526e-005	-6.180202e+001
3.339710e+002	2.399600e+001	6.540435e-005	-6.184314e+001
3.340650e+002	2.409000e+001	6.536578e-005	-6.182944e+001
3.341580e+002	2.418300e+001	6.532624e-005	-6.184032e+001
3.342520e+002	2.427700e+001	6.549857e-005	-6.189044e+001
3.343610e+002	2.438600e+001	6.537438e-005	-6.187119e+001
3.344700e+002	2.449500e+001	6.542722e-005	-6.186304e+001
3.345790e+002	2.460400e+001	6.551853e-005	-6.180257e+001
3.346730e+002	2.469800e+001	6.544136e-005	-6.187149e+001
3.347670e+002	2.479200e+001	6.540700e-005	-6.186730e+001
3.348600e+002	2.488500e+001	6.532290e-005	-6.184875e+001
3.349540e+002	2.497900e+001	6.544321e-005	-6.184908e+001
3.350630e+002	2.508800e+001	6.535739e-005	-6.189283e+001
3.351720e+002	2.519700e+001	6.544496e-005	-6.187147e+001
3.352810e+002	2.530600e+001	6.542297e-005	-6.184037e+001
3.353910e+002	2.541600e+001	6.537281e-005	-6.188769e+001
3.355000e+002	2.552500e+001	6.527406e-005	-6.188829e+001
3.356090e+002	2.563400e+001	6.533811e-005	-6.171038e+001
3.357030e+002	2.572800e+001	6.541851e-005	-6.187169e+001
3.358120e+002	2.583700e+001	6.529741e-005	-6.184459e+001
3.359060e+002	2.593100e+001	6.539623e-005	-6.191616e+001
3.359990e+002	2.602400e+001	6.536689e-005	-6.196276e+001
3.360930e+002	2.611800e+001	6.541018e-005	-6.188923e+001
3.362020e+002	2.622700e+001	6.534197e-005	-6.183364e+001
3.363110e+002	2.633600e+001	6.523092e-005	-6.186609e+001
3.364200e+002	2.644500e+001	6.526714e-005	-6.193039e+001
3.365140e+002	2.653900e+001	6.527593e-005	-6.181971e+001
3.366230e+002	2.664800e+001	6.526402e-005	-6.184594e+001
3.367170e+002	2.674200e+001	6.529577e-005	-6.181052e+001
3.368100e+002	2.683500e+001	6.536567e-005	-6.192644e+001
3.369040e+002	2.692900e+001	6.525566e-005	-6.189580e+001
3.370130e+002	2.703800e+001	6.526577e-005	-6.184467e+001
3.371220e+002	2.714700e+001	6.527980e-005	-6.194064e+001
3.372160e+002	2.724100e+001	6.526308e-005	-6.186472e+001
3.373250e+002	2.735000e+001	6.525683e-005	-6.186214e+001
3.374340e+002	2.745900e+001	6.537583e-005	-6.189677e+001
3.375280e+002	2.755300e+001	6.529281e-005	-6.192366e+001
3.376220e+002	2.764700e+001	6.523071e-005	-6.181387e+001
3.377150e+002	2.774000e+001	6.517999e-005	-6.191599e+001
3.378240e+002	2.784900e+001	6.518455e-005	-6.198370e+001
3.379180e+002	2.794300e+001	6.526655e-005	-6.192116e+001
3.380270e+002	2.805200e+001	6.514986e-005	-6.192321e+001
3.381360e+002	2.816100e+001	6.517523e-005	-6.193146e+001
3.382460e+002	2.827100e+001	6.525564e-005	-6.184336e+001
3.383550e+002	2.838000e+001	6.526138e-005	-6.195222e+001
3.384640e+002	2.848900e+001	6.520440e-005	-6.195088e+001
3.385730e+002	2.859800e+001	6.511805e-005	-6.195521e+001
3.386820e+002	2.870700e+001	6.516142e-005	-6.187897e+001
3.387760e+002	2.880100e+001	6.524097e-005	-6.186938e+001
3.388700e+002	2.889500e+001	6.520671e-005	-6.188170e+001
3.389790e+002	2.900400e+001	6.511642e-005	-6.188917e+001
3.390880e+002	2.911300e+001	6.524196e-005	-6.196742e+001
3.391820e+002	2.920700e+001	6.515833e-005	-6.192336e+001
3.392750e+002	2.930000e+001	6.513886e-005	-6.182119e+001
3.393840e+002	2.940900e+001	6.517851e-005	-6.195479e+001
3.394780e+002	2.950300e+001	6.522737e-005	-6.190902e+001
3.395870e+002	2.961200e+001	6.519143e-005	-6.197525e+001
3.396810e+002	2.970600e+001	6.519409e-005	-6.199186e+001
3.397740e+002	2.979900e+001	6.508963e-005	-6.194917e+001
3.398680e+002	2.989300e+001	6.500067e-005	-6.199585e+001
3.399620e+002	2.998700e+001	6.515384e-005	-6.197883e+001
3.400550e+002	3.008000e+001	6.516229e-005	-6.190651e+001
3.401640e+002	3.018900e+001	6.520758e-005	-6.185597e+001
3.402580e+002	3.028300e+001	6.518947e-005	-6.193129e+001
3.403520e+002	3.037700e+001	6.514195e-005	-6.197701e+001
3.404450e+002	3.047000e+001	6.513461e-005	-6.193900e+001
3.405540e+002	3.057900e+001	6.521490e-005	-6.188182e+001
3.406640e+002	3.068900e+001	6.505461e-005	-6.195428e+001
3.407570e+002	3.078200e+001	6.508602e-005	-6.196535e+001
3.408660e+002	3.089100e+001	6.507666e-005	-6.204249e+001
3.409760e+002	3.100100e+001	6.499991e-005	-6.193983e+001
3.410690e+002	3.109400e+001	6.513615e-005	-6.197133e+001
3.411630e+002	3.118800e+001	6.506756e-005	-6.192741e+001
3.412720e+002	3.129700e+001	6.506671e-005	-6.197623e+001
3.413810e+002	3.140600e+001	6.506521e-005	-6.200565e+001
3.414900e+002	3.151500e+001	6.511100e-005	-6.192456e+001
3.415840e+002	3.160900e+001	6.512128e-005	-6.194572e+001
3.416780e+002	3.170300e+001	6.498672e-005	-6.181543e+001
3.417710e+002	3.179600e+001	6.511162e-005	-6.197651e+001
3.418650e+002	3.189000e+001	6.506885e-005	-6.202517e+001
3.419580e+002	3.198300e+001	6.506557e-005	-6.191755e+001
3.420520e+002	3.207700e+001	6.507372e-005	-6.200393e+001
3.421610e+002	3.218600e+001	6.505710e-005	-6.198520e+001
3.422700e+002	3.229500e+001	6.493218e-005	-6.197945e+001
3.423640e+002	3.238900e+001	6.501696e-005	-6.199899e+001
3.424580e+002	3.248300e+001	6.505524e-005	-6.196046e+001
3.425510e+002	3.257600e+001	6.504132e-005	-6.198083e+001
3.426600e+002	3.268500e+001	6.504855e-005	-6.194128e+001
3.427700e+002	3.279500e+001	6.500087e-005	-6.196895e+001
3.428790e+002	3.290400e+001	6.494203e-005	-6.196387e+001
3.429880e+002	3.301300e+001	6.501155e-005	-6.195251e+001
3.430970e+002	3.312200e+001	6.502091e-005	-6.190332e+001
3.431910e+002	3.321600e+001	6.501096e-005	-6.202008e+001
3.432840e+002	3.330900e+001	6.502883e-005	-6.197115e+001
3.433780e+002	3.340300e+001	6.509664e-005	-6.198705e+001
3.434870e+002	3.351200e+001	6.509275e-005	-6.197633e+001
3.435810e+002	3.360600e+001	6.490626e-005	-6.192204e+001
3.436740e+002	3.369900e+001	6.498356e-005	-6.200832e+001
3.437840e+002	3.380900e+001	6.496219e-005	-6.205193e+001
3.438930e+002	3.391800e+001	6.494646e-005	-6.196841e+001
3.440020e+002	3.402700e+001	6.500648e-005	-6.196380e+001
3.441110e+002	3.413600e+001	6.504441e-005	-6.209241e+001
3.442050e+002	3.423000e+001	6.491526e-005	-6.201217e+001
3.442980e+002	3.432300e+001	6.499795e-005	-6.203233e+001
3.444080e+002	3.443300e+001	6.499245e-005	-6.208506e+001
3.445170e+002	3.454200e+001	6.497899e-005	-6.205386e+001
3.446100e+002	3.463500e+001	6.503693e-005	-6.200673e+001
3.447040e+002	3.472900e+001	6.499208e-005	-6.201464e+001
3.447980e+002	3.482300e+001	6.489977e-005	-6.196830e+001
3.448910e+002	3.491600e+001	6.498429e-005	-6.211682e+001
3.450000e+002	3.502500e+001	6.495582e-005	-6.197834e+001
3.450940e+002	3.511900e+001	6.497144e-005	-6.210638e+001
3.452030e+002	3.522800e+001	6.481224e-005	-6.202779e+001
3.452970e+002	3.532200e+001	6.494380e-005	-6.200225e+001
3.453900e+002	3.541500e+001	6.494830e-005	-6.203245e+001
3.455000e+002	3.552500e+001	6.490861e-005	-6.201237e+001
3.455930e+002	3.561800e+001	6.491553e-005	-6.209692e+001
3.456870e+002	3.571200e+001	6.495971e-005	-6.204737e+001
3.457800e+002	3.580500e+001	6.491783e-005	-6.205514e+001
3.458740e+002	3.589900e+001	6.489584e-005	-6.201828e+001
3.459830e+002	3.600800e+001	6.492523e-005	-6.200892e+001
3.460770e+002	3.610200e+001	6.482894e-005	-6.202153e+001
3.461860e+002	3.621100e+001	6.489474e-005	-6.201578e+001
3.462800e+002	3.630500e+001	6.490431e-005	-6.194741e+001
3.463730e+002	3.639800e+001	6.493440e-005	-6.194315e+001
3.464670e+002	3.649200e+001	6.498606e-005	-6.201564e+001
3.465760e+002	3.660100e+001	6.489323e-005	-6.202342e+001
3.466850e+002	3.671000e+001	6.487533e-005	-6.206862e+001
3.467940e+002	3.681900e+001	6.483487e-005	-6.196458e+001
3.469040e+002	3.692900e+001	6.486952e-005	-6.208366e+001
3.469970e+002	3.702200e+001	6.487060e-005	-6.201823e+001
3.471060e+002	3.713100e+001	6.475481e-005	-6.204295e+001
3.472160e+002	3.724100e+001	6.491294e-005	-6.198677e+001
3.473250e+002	3.735000e+001	6.477746e-005	-6.202597e+001
3.474180e+002	3.744300e+001	6.484601e-005	-6.204926e+001
3.475280e+002	3.755300e+001	6.493545e-005	-6.199405e+001
3.476370e+002	3.766200e+001	6.482437e-005	-6.203169e+001
3.477460e+002	3.777100e+001	6.483201e-005	-6.210453e+001
3.478550e+002	3.788000e+001	6.484255e-005	-6.205080e+001
3.479640e+002	3.798900e+001	6.477343e-005	-6.205931e+001
3.480740e+002	3.809900e+001	6.491713e-005	-6.209890e+001
3.481830e+002	3.820800e+001	6.482795e-005	-6.207932e+001
3.482920e+002	3.831700e+001	6.476309e-005	-6.198193e+001
3.484010e+002	3.842600e+001	6.483404e-005	-6.206607e+001
3.484950e+002	3.852000e+001	6.489811e-005	-6.209724e+001
3.486040e+002	3.862900e+001	6.468014e-005	-6.210526e+001
3.487130e+002	3.873800e+001	6.482407e-005	-6.206143e+001
3.488070e+002	3.883200e+001	6.482608e-005	-6.214309e+001
3.489000e+002	3.892500e+001	6.483457e-005	-6.205460e+001
3.489940e+002	3.901900e+001	6.479141e-005	-6.210881e+001
3.490880e+002	3.911300e+001	6.483027e-005	-6.208534e+001
3.491810e+002	3.920600e+001	6.485038e-005	-6.213853e+001
3.492750e+002	3.930000e+001	6.468874e-005	-6.203585e+001
3.493680e+002	3.939300e+001	6.479127e-005	-6.204644e+001
3.494620e+002	3.948700e+001	6.469714e-005	-6.210165e+001
3.495710e+002	3.959600e+001	6.481285e-005	-6.206700e+001
3.496650e+002	3.969000e+001	6.482394e-005	-6.209929e+001
3.497740e+002	3.979900e+001	6.480441e-005	-6.208382e+001
3.498680e+002	3.989300e+001	6.481002e-005	-6.206253e+001
3.499610e+002	3.998600e+001	6.475514e-005	-6.209212e+001
3.500550e+002	4.008000e+001	6.475661e-005	-6.213398e+001
3.501640e+002	4.018900e+001	6.480275e-005	-6.202290e+001
3.502730e+002	4.029800e+001	6.469378e-005	-6.206618e+001
3.503670e+002	4.039200e+001	6.469879e-005	-6.199488e+001
3.504760e+002	4.050100e+001	6.470950e-005	-6.210629e+001
3.505700e+002	4.059500e+001	6.474048e-005	-6.204068e+001
3.506630e+002	4.068800e+001	6.475669e-005	-6.209515e+001
3.507570e+002	4.078200e+001	6.466310e-005	-6.209821e+001
3.508660e+002	4.089100e+001	6.467850e-005	-6.207627e+001
3.509600e+002	4.098500e+001	6.479505e-005	-6.210026e+001
3.510530e+002	4.107800e+001	6.476762e-005	-6.206495e+001
3.511630e+002	4.118800e+001	6.468695e-005	-6.207462e+001
3.512720e+002	4.129700e+001	6.470447e-005	-6.210044e+001
3.513810e+002	4.140600e+001	6.466454e-005	-6.204283e+001
3.514750e+002	4.150000e+001	6.462613e-005	-6.214221e+001
3.515680e+002	4.159300e+001	6.467714e-005	-6.211127e+001
3.516620e+002	4.168700e+001	6.456595e-005	-6.216763e+001
3.517550e+002	4.178000e+001	6.462820e-005	-6.208008e+001
3.518490e+002	4.187400e+001	6.470889e-005	-6.212111e+001
3.519580e+002	4.198300e+001	6.463966e-005	-6.205988e+001
3.520520e+002	4.207700e+001	6.459657e-005	-6.205381e+001
3.521450e+002	4.217000e+001	6.460321e-005	-6.205633e+001
3.522390e+002	4.226400e+001	6.466613e-005	-6.207505e+001
3.523330e+002	4.235800e+001	6.473997e-005	-6.209054e+001
3.524260e+002	4.245100e+001	6.461931e-005	-6.208858e+001
3.525350e+002	4.256000e+001	6.467648e-005	-6.203618e+001
3.526290e+002	4.265400e+001	6.459920e-005	-6.208494e+001
3.527230e+002	4.274800e+001	6.457438e-005	-6.201534e+001
3.528320e+002	4.285700e+001	6.460009e-005	-6.215049e+001
3.529250e+002	4.295000e+001	6.466061e-005	-6.213708e+001
3.530190e+002	4.304400e+001	6.450102e-005	-6.211130e+001
3.531130e+002	4.313800e+001	6.467012e-005	-6.209174e+001
3.532220e+002	4.324700e+001	6.452345e-005	-6.212624e+001
3.533150e+002	4.334000e+001	6.471057e-005	-6.204849e+001
3.534090e+002	4.343400e+001	6.451798e-005	-6.213089e+001
3.535030e+002	4.352800e+001	6.466274e-005	-6.205305e+001
3.536120e+002	4.363700e+001	6.470852e-005	-6.207137e+001
3.537210e+002	4.374600e+001	6.457332e-005	-6.213338e+001
3.538150e+002	4.384000e+001	6.458804e-005	-6.203662e+001
3.539080e+002	4.393300e+001	6.455295e-005	-6.206775e+001
3.540020e+002	4.402700e+001	6.457215e-005	-6.214296e+001
3.541110e+002	4.413600e+001	6.463081e-005	-6.211535e+001
3.542200e+002	4.424500e+001	6.456897e-005	-6.210201e+001
3.543140e+002	4.433900e+001	6.462327e-005	-6.205421e+001
3.544070e+002	4.443200e+001	6.460508e-005	-6.210074e+001
3.545010e+002	4.452600e+001	6.453940e-005	-6.212518e+001
3.546100e+002	4.463500e+001	6.462843e-005	-6.203366e+001
3.547190e+002	4.474400e+001	6.453782e-005	-6.210422e+001
3.548130e+002	4.483800e+001	6.448178e-005	-6.203231e+001
3.549070e+002	4.493200e+001	6.464568e-005	-6.216936e+001
3.550160e+002	4.504100e+001	6.455864e-005	-6.209407e+001
3.551090e+002	4.513400e+001	6.462278e-005	-6.205950e+001
3.552030e+002	4.522800e+001	6.454837e-005	-6.213718e+001
3.552970e+002	4.532200e+001	6.459733e-005	-6.213371e+001
3.553900e+002	4.541500e+001	6.456011e-005	-6.219736e+001
3.554840e+002	4.550900e+001	6.455160e-005	-6.213400e+001
3.555770e+002	4.560200e+001	6.447809e-005	-6.211882e+001
3.556870e+002	4.571200e+001	6.461323e-005	-6.214661e+001
3.557960e+002	4.582100e+001	6.448731e-005	-6.210378e+001
3.558890e+002	4.591400e+001	6.446338e-005	-6.226077e+001
3.559990e+002	4.602400e+001	6.452832e-005	-6.207878e+001
3.561080e+002	4.613300e+001	6.442261e-005	-6.215294e+001
3.562170e+002	4.624200e+001	6.452392e-005	-6.207677e+001
3.563110e+002	4.633600e+001	6.445390e-005	-6.210211e+001
3.564040e+002	4.642900e+001	6.451240e-005	-6.212427e+001
3.565130e+002	4.653800e+001	6.452206e-005	-6.212909e+001
3.566070e+002	4.663200e+001	6.449062e-005	-6.216042e+001
3.567010e+002	4.672600e+001	6.451567e-005	-6.207042e+001
3.567940e+002	4.681900e+001	6.445133e-005	-6.212508e+001
3.569030e+002	4.692800e+001	6.456438e-005	-6.212180e+001
3.569970e+002	4.702200e+001	6.444816e-005	-6.211652e+001
3.570910e+002	4.711600e+001	6.455252e-005	-6.212637e+001
3.571840e+002	4.720900e+001	6.462655e-005	-6.217131e+001
3.572780e+002	4.730300e+001	6.449110e-005	-6.214145e+001
3.573710e+002	4.739600e+001	6.455936e-005	-6.207812e+001
3.574810e+002	4.750600e+001	6.435562e-005	-6.215255e+001
3.575740e+002	4.759900e+001	6.449825e-005	-6.210842e+001
3.576830e+002	4.770800e+001	6.440964e-005	-6.213843e+001
3.577770e+002	4.780200e+001	6.441025e-005	-6.209741e+001
3.578860e+002	4.791100e+001	6.434815e-005	-6.205439e+001
3.579950e+002	4.802000e+001	6.437611e-005	-6.207208e+001
3.581050e+002	4.813000e+001	6.447038e-005	-6.215377e+001
3.582140e+002	4.823900e+001	6.437681e-005	-6.205869e+001
3.583070e+002	4.833200e+001	6.446891e-005	-6.211832e+001
3.584010e+002	4.842600e+001	6.435716e-005	-6.222704e+001
3.585100e+002	4.853500e+001	6.442572e-005	-6.217906e+001
3.586190e+002	4.864400e+001	6.437243e-005	-6.207577e+001
3.587130e+002	4.873800e+001	6.430164e-005	-6.207557e+001
3.588070e+002	4.883200e+001	6.443349e-005	-6.216767e+001
3.589000e+002	4.892500e+001	6.440177e-005	-6.209960e+001
3.590090e+002	4.903400e+001	6.445630e-005	-6.210454e+001
3.591030e+002	4.912800e+001	6.445742e-005	-6.204325e+001
3.591970e+002	4.922200e+001	6.445022e-005	-6.219540e+001
3.593060e+002	4.933100e+001	6.442963e-005	-6.219813e+001
3.593990e+002	4.942400e+001	6.437746e-005	-6.208632e+001
3.595090e+002	4.953400e+001	6.447925e-005	-6.212792e+001
3.596180e+002	4.964300e+001	6.443854e-005	-6.207330e+001
3.597110e+002	4.973600e+001	6.443007e-005	-6.212502e+001
3.598050e+002	4.983000e+001	6.435214e-005	-6.216433e+001
3.599140e+002	4.993900e+001	6.438816e-005	-6.210537e+001
3.600230e+002	5.004800e+001	6.426354e-005	-6.206923e+001
3.601170e+002	5.014200e+001	6.430570e-005	-6.213342e+001
3.602260e+002	5.025100e+001	6.433774e-005	-6.208999e+001
3.603350e+002	5.036000e+001	6.432248e-005	-6.203407e+001
3.604450e+002	5.047000e+001	6.439516e-005	-6.212596e+001
3.605540e+002	5.057900e+001	6.432199e-005	-6.204165e+001
3.606630e+002	5.068800e+001	6.428336e-005	-6.211751e+001
3.607720e+002	5.079700e+001	6.424215e-005	-6.213711e+001
3.608810e+002	5.090600e+001	6.432940e-005	-6.215976e+001
3.609910e+002	5.101600e+001	6.423408e-005	-6.209503e+001
3.610840e+002	5.110900e+001	6.431626e-005	-6.216284e+001
3.611930e+002	5.121800e+001	6.435239e-005	-6.201758e+001
3.613030e+002	5.132800e+001	6.421684e-005	-6.211118e+001
3.614120e+002	5.143700e+001	6.426361e-005	-6.213228e+001
3.615050e+002	5.153000e+001	6.429101e-005	-6.215808e+001
3.615990e+002	5.162400e+001	6.433298e-005	-6.216384e+001
3.617080e+002	5.173300e+001	6.423174e-005	-6.212559e+001
3.618020e+002	5.182700e+001	6.433774e-005	-6.213423e+001
3.619110e+002	5.193600e+001	6.414441e-005	-6.203392e+001
3.620050e+002	5.203000e+001	6.422758e-005	-6.223809e+001
3.620980e+002	5.212300e+001	6.434789e-005	-6.212846e+001
3.622070e+002	5.223200e+001	6.433592e-005	-6.218612e+001
3.623010e+002	5.232600e+001	6.426963e-005	-6.211707e+001
3.623950e+002	5.242000e+001	6.422056e-005	-6.217240e+001
3.625040e+002	5.252900e+001	6.427077e-005	-6.204437e+001
3.625970e+002	5.262200e+001	6.431378e-005	-6.216256e+001
3.627070e+002	5.273200e+001	6.426671e-005	-6.215166e+001
3.628000e+002	5.282500e+001	6.433948e-005	-6.214258e+001
3.628940e+002	5.291900e+001	6.415544e-005	-6.223172e+001
3.629870e+002	5.301200e+001	6.432327e-005	-6.214884e+001
3.630810e+002	5.310600e+001	6.418377e-005	-6.219071e+001
3.631750e+002	5.320000e+001	6.427100e-005	-6.213719e+001
3.632680e+002	5.329300e+001	6.415264e-005	-6.213264e+001
3.633620e+002	5.338700e+001	6.425585e-005	-6.211434e+001
3.634710e+002	5.349600e+001	6.414599e-005	-6.211258e+001
3.635800e+002	5.360500e+001	6.420474e-005	-6.213072e+001
3.636740e+002	5.369900e+001	6.418399e-005	-6.214091e+001
3.637670e+002	5.379200e+001	6.415773e-005	-6.211335e+001
3.638770e+002	5.390200e+001	6.424772e-005	-6.218556e+001
3.639860e+002	5.401100e+001	6.424382e-005	-6.214456e+001
3.640950e+002	5.412000e+001	6.420857e-005	-6.215966e+001
3.642040e+002	5.422900e+001	6.417683e-005	-6.217518e+001
3.643130e+002	5.433800e+001	6.425197e-005	-6.213843e+001
3.644070e+002	5.443200e+001	6.413121e-005	-6.209544e+001
3.645010e+002	5.452600e+001	6.412771e-005	-6.216125e+001
3.645940e+002	5.461900e+001	6.417660e-005	-6.207390e+001
3.646880e+002	5.471300e+001	6.431213e-005	-6.207649e+001
3.647810e+002	5.480600e+001	6.426032e-005	-6.217440e+001
3.648910e+002	5.491600e+001	6.419061e-005	-6.216312e+001
3.649840e+002	5.500900e+001	6.410851e-005	-6.220335e+001
3.650930e+002	5.511800e+001	6.413752e-005	-6.204680e+001
3.651870e+002	5.521200e+001	6.418489e-005	-6.214391e+001
3.652960e+002	5.532100e+001	6.419955e-005	-6.219836e+001
3.653900e+002	5.541500e+001	6.420897e-005	-6.210863e+001
3.654990e+002	5.552400e+001	6.419648e-005	-6.215139e+001
3.656080e+002	5.563300e+001	6.422709e-005	-6.215266e+001
3.657020e+002	5.572700e+001	6.420387e-005	-6.218102e+001
3.657950e+002	5.582000e+001	6.403017e-005	-6.219336e+001
3.658890e+002	5.591400e+001	6.411275e-005	-6.219427e+001
3.659830e+002	5.600800e+001	6.418076e-005	-6.211980e+001
3.660760e+002	5.610100e+001	6.409142e-005	-6.210319e+001
3.661700e+002	5.619500e+001	6.419290e-005	-6.207495e+001
3.662790e+002	5.630400e+001	6.415139e-005	-6.208768e+001
3.663730e+002	5.639800e+001	6.400861e-005	-6.212700e+001
3.664820e+002	5.650700e+001	6.419210e-005	-6.213194e+001
3.665910e+002	5.661600e+001	6.412848e-005	-6.209948e+001
3.666850e+002	5.671000e+001	6.412827e-005	-6.211209e+001
3.667780e+002	5.680300e+001	6.414334e-005	-6.218713e+001
3.668880e+002	5.691300e+001	6.408698e-005	-6.211702e+001
3.669970e+002	5.702200e+001	6.407562e-005	-6.227085e+001
3.671060e+002	5.713100e+001	6.423767e-005	-6.210875e+001
3.672150e+002	5.724000e+001	6.417972e-005	-6.220594e+001
3.673240e+002	5.734900e+001	6.399854e-005	-6.213284e+001
3.674340e+002	5.745900e+001	6.403410e-005	-6.220228e+001
3.675430e+002	5.756800e+001	6.416535e-005	-6.213792e+001
3.676360e+002	5.766100e+001	6.411476e-005	-6.210823e+001
3.677300e+002	5.775500e+001	6.410531e-005	-6.206934e+001
3.678390e+002	5.786400e+001	6.407120e-005	-6.212825e+001
3.679330e+002	5.795800e+001	6.403436e-005	-6.218636e+001
3.680420e+002	5.806700e+001	6.403715e-005	-6.209647e+001
3.681510e+002	5.817600e+001	6.406220e-005	-6.219361e+001
3.682450e+002	5.827000e+001	6.413834e-005	-6.224818e+001
3.683380e+002	5.836300e+001	6.405688e-005	-6.217390e+001
3.684480e+002	5.847300e+001	6.399515e-005	-6.213725e+001
3.685410e+002	5.856600e+001	6.412289e-005	-6.215184e+001
3.686500e+002	5.867500e+001	6.403600e-005	-6.218003e+001
3.687600e+002	5.878500e+001	6.399004e-005	-6.206872e+001
3.688530e+002	5.887800e+001	6.405278e-005	-6.213777e+001
3.689620e+002	5.898700e+001	6.402185e-005	-6.215865e+001
3.690720e+002	5.909700e+001	6.406791e-005	-6.210888e+001
3.691650e+002	5.919000e+001	6.413523e-005	-6.220710e+001
3.692590e+002	5.928400e+001	6.397010e-005	-6.215273e+001
3.693680e+002	5.939300e+001	6.410372e-005	-6.218885e+001
3.694620e+002	5.948700e+001	6.396422e-005	-6.218465e+001
3.695550e+002	5.958000e+001	6.400901e-005	-6.210616e+001
3.696640e+002	5.968900e+001	6.403524e-005	-6.212641e+001
3.697580e+002	5.978300e+001	6.396947e-005	-6.217646e+001
3.698670e+002	5.989200e+001	6.397100e-005	-6.220378e+001
3.699610e+002	5.998600e+001	6.394835e-005	-6.209767e+001
3.700700e+002	6.009500e+001	6.407152e-005	-6.220516e+001
3.701790e+002	6.020400e+001	6.397753e-005	-6.216753e+001
3.702730e+002	6.029800e+001	6.397221e-005	-6.216328e+001
3.703820e+002	6.040700e+001	6.395869e-005	-6.210236e+001
3.704910e+002	6.051600e+001	6.402189e-005	-6.215518e+001
3.706000e+002	6.062500e+001	6.395208e-005	-6.214441e+001
3.707100e+002	6.073500e+001	6.399876e-005	-6.207732e+001
3.708030e+002	6.082800e+001	6.407410e-005	-6.212981e+001
3.709120e+002	6.093700e+001	6.399646e-005	-6.217350e+001
3.710220e+002	6.104700e+001	6.391658e-005	-6.211089e+001
3.711310e+002	6.115600e+001	6.404959e-005	-6.215475e+001
3.712240e+002	6.124900e+001	6.401417e-005	-6.217820e+001
3.713340e+002	6.135900e+001	6.403172e-005	-6.219251e+001
3.714430e+002	6.146800e+001	6.392186e-005	-6.214172e+001
3.715520e+002	6.157700e+001	6.393395e-005	-6.215400e+001
3.716460e+002	6.167100e+001	6.401186e-005	-6.213937e+001
3.717550e+002	6.178000e+001	6.397870e-005	-6.205895e+001
3.718480e+002	6.187300e+001	6.391438e-005	-6.205307e+001
3.719420e+002	6.196700e+001	6.392047e-005	-6.216763e+001
3.720360e+002	6.206100e+001	6.391766e-005	-6.212107e+001
3.721290e+002	6.215400e+001	6.384331e-005	-6.217303e+001
3.722230e+002	6.224800e+001	6.384145e-005	-6.212179e+001
3.723160e+002	6.234100e+001	6.393441e-005	-6.211258e+001
3.724260e+002	6.245100e+001	6.396337e-005	-6.214314e+001
3.725190e+002	6.254400e+001	6.394153e-005	-6.216598e+001
3.726130e+002	6.263800e+001	6.392601e-005	-6.198138e+001
3.727060e+002	6.273100e+001	6.394558e-005	-6.211106e+001
3.728160e+002	6.284100e+001	6.386622e-005	-6.205201e+001
3.729250e+002	6.295000e+001	6.392924e-005	-6.211987e+001
3.730340e+002	6.305900e+001	6.388654e-005	-6.213944e+001
3.731280e+002	6.315300e+001	6.388481e-005	-6.208981e+001
3.732210e+002	6.324600e+001	6.391742e-005	-6.214323e+001
3.733150e+002	6.334000e+001	6.385754e-005	-6.210272e+001
3.734240e+002	6.344900e+001	6.392628e-005	-6.211979e+001
3.735330e+002	6.355800e+001	6.390861e-005	-6.217309e+001
3.736270e+002	6.365200e+001	6.382390e-005	-6.205268e+001
3.737360e+002	6.376100e+001	6.383240e-005	-6.201452e+001
3.738300e+002	6.385500e+001	6.385844e-005	-6.212527e+001
3.739390e+002	6.396400e+001	6.381659e-005	-6.214646e+001
3.740480e+002	6.407300e+001	6.382100e-005	-6.209789e+001
3.741570e+002	6.418200e+001	6.393983e-005	-6.217088e+001
3.742660e+002	6.429100e+001	6.382957e-005	-6.212399e+001
3.743760e+002	6.440100e+001	6.377802e-005	-6.212513e+001
3.744850e+002	6.451000e+001	6.393210e-005	-6.220883e+001
3.745780e+002	6.460300e+001	6.392297e-005	-6.214786e+001
3.746880e+002	6.471300e+001	6.382378e-005	-6.208796e+001
3.747810e+002	6.480600e+001	6.383997e-005	-6.211827e+001
3.748900e+002	6.491500e+001	6.385070e-005	-6.209770e+001
3.750000e+002	6.502500e+001	6.384958e-005	-6.218560e+001
3.750930e+002	6.511800e+001	6.376125e-005	-6.210874e+001
3.752020e+002	6.522700e+001	6.391775e-005	-6.211924e+001
3.753120e+002	6.533700e+001	6.379396e-005	-6.219670e+001
3.754210e+002	6.544600e+001	6.388316e-005	-6.218428e+001
3.755300e+002	6.555500e+001	6.383123e-005	-6.217240e+001
3.756240e+002	6.564900e+001	6.373011e-005	-6.211589e+001
3.757330e+002	6.575800e+001	6.378939e-005	-6.205684e+001
3.758260e+002	6.585100e+001	6.377698e-005	-6.216911e+001
3.759200e+002	6.594500e+001	6.379432e-005	-6.214861e+001
3.760290e+002	6.605400e+001	6.379468e-005	-6.216303e+001
3.761230e+002	6.614800e+001	6.377136e-005	-6.213901e+001
3.762160e+002	6.624100e+001	6.373602e-005	-6.214168e+001
3.763100e+002	6.633500e+001	6.384243e-005	-6.206105e+001
3.764190e+002	6.644400e+001	6.379624e-005	-6.210232e+001
3.765130e+002	6.653800e+001	6.372517e-005	-6.212844e+001
3.766060e+002	6.663100e+001	6.384181e-005	-6.211221e+001
3.767000e+002	6.672500e+001	6.379095e-005	-6.211824e+001
3.768090e+002	6.683400e+001	6.368034e-005	-6.216274e+001
3.769030e+002	6.692800e+001	6.384337e-005	-6.208039e+001
3.770120e+002	6.703700e+001	6.363488e-005	-6.220225e+001
3.771210e+002	6.714600e+001	6.371678e-005	-6.205791e+001
3.772150e+002	6.724000e+001	6.381196e-005	-6.205360e+001
3.773080e+002	6.733300e+001	6.370148e-005	-6.216509e+001
3.774180e+002	6.744300e+001	6.376112e-005	-6.214617e+001
3.775270e+002	6.755200e+001	6.377226e-005	-6.210333e+001
3.776360e+002	6.766100e+001	6.375626e-005	-6.214116e+001
3.777300e+002	6.775500e+001	6.372656e-005	-6.212854e+001
3.778390e+002	6.786400e+001	6.369071e-005	-6.213752e+001
3.779480e+002	6.797300e+001	6.377658e-005	-6.219286e+001
3.780420e+002	6.806700e+001	6.380647e-005	-6.209892e+001
3.781510e+002	6.817600e+001	6.372189e-005	-6.204000e+001
3.782440e+002	6.826900e+001	6.361327e-005	-6.213199e+001
3.783540e+002	6.837900e+001	6.370472e-005	-6.208432e+001
3.784630e+002	6.848800e+001	6.370240e-005	-6.213149e+001
3.785720e+002	6.859700e+001	6.369114e-005	-6.214238e+001
3.786660e+002	6.869100e+001	6.365906e-005	-6.215721e+001
3.787750e+002	6.880000e+001	6.369842e-005	-6.204315e+001
3.788680e+002	6.889300e+001	6.371833e-005	-6.218881e+001
3.789620e+002	6.898700e+001	6.369711e-005	-6.210004e+001
3.790560e+002	6.908100e+001	6.360397e-005	-6.219892e+001
3.791650e+002	6.919000e+001	6.371049e-005	-6.205954e+001
3.792580e+002	6.928300e+001	6.364928e-005	-6.212348e+001
3.793520e+002	6.937700e+001	6.372807e-005	-6.219231e+001
3.794610e+002	6.948600e+001	6.367737e-005	-6.213241e+001
3.795550e+002	6.958000e+001	6.362922e-005	-6.216394e+001
3.796480e+002	6.967300e+001	6.368322e-005	-6.209046e+001
3.797580e+002	6.978300e+001	6.372009e-005	-6.211098e+001
3.798670e+002	6.989200e+001	6.358760e-005	-6.217450e+001
3.799600e+002	6.998500e+001	6.365420e-005	-6.213522e+001
3.800700e+002	7.009500e+001	6.360963e-005	-6.225562e+001
3.801790e+002	7.020400e+001	6.355047e-005	-6.217208e+001
3.802880e+002	7.031300e+001	6.357244e-005	-6.205642e+001
3.803820e+002	7.040700e+001	6.372606e-005	-6.212966e+001
3.804910e+002	7.051600e+001	6.363347e-005	-6.208376e+001
3.806000e+002	7.062500e+001	6.354309e-005	-6.215135e+001
3.807090e+002	7.073400e+001	6.365016e-005	-6.211874e+001
3.808030e+002	7.082800e+001	6.363841e-005	-6.214228e+001
3.808960e+002	7.092100e+001	6.375815e-005	-6.215765e+001
3.810060e+002	7.103100e+001	6.362930e-005	-6.210054e+001
3.811150e+002	7.114000e+001	6.366923e-005	-6.209815e+001
3.812080e+002	7.123300e+001	6.354291e-005	-6.212958e+001
3.813180e+002	7.134300e+001	6.364115e-005	-6.209659e+001
3.814110e+002	7.143600e+001	6.364477e-005	-6.211773e+001
3.815050e+002	7.153000e+001	6.361550e-005	-6.221332e+001
3.816140e+002	7.163900e+001	6.361322e-005	-6.206254e+001
3.817080e+002	7.173300e+001	6.352456e-005	-6.217205e+001
3.818010e+002	7.182600e+001	6.361312e-005	-6.213663e+001
3.819100e+002	7.193500e+001	6.363171e-005	-6.208760e+001
3.820040e+002	7.202900e+001	6.347791e-005	-6.214008e+001
3.820980e+002	7.212300e+001	6.340211e-005	-6.218983e+001
3.822070e+002	7.223200e+001	6.359402e-005	-6.206896e+001
3.823010e+002	7.232600e+001	6.351920e-005	-6.209466e+001
3.824100e+002	7.243500e+001	6.363625e-005	-6.217424e+001
3.825030e+002	7.252800e+001	6.359363e-005	-6.219973e+001
3.826130e+002	7.263800e+001	6.359922e-005	-6.211432e+001
3.827060e+002	7.273100e+001	6.357161e-005	-6.216463e+001
3.828150e+002	7.284000e+001	6.362545e-005	-6.219173e+001
3.829250e+002	7.295000e+001	6.348320e-005	-6.205674e+001
3.830180e+002	7.304300e+001	6.356805e-005	-6.202778e+001
3.831270e+002	7.315200e+001	6.358914e-005	-6.212312e+001
3.832210e+002	7.324600e+001	6.364477e-005	-6.215108e+001
3.833150e+002	7.334000e+001	6.357383e-005	-6.210065e+001
3.834080e+002	7.343300e+001	6.358689e-005	-6.208015e+001
3.835170e+002	7.354200e+001	6.362070e-005	-6.211582e+001
3.836110e+002	7.363600e+001	6.359532e-005	-6.201889e+001
3.837200e+002	7.374500e+001	6.352898e-005	-6.210907e+001
3.838290e+002	7.385400e+001	6.361061e-005	-6.213712e+001
3.839230e+002	7.394800e+001	6.366747e-005	-6.208963e+001
3.840320e+002	7.405700e+001	6.352316e-005	-6.206536e+001
3.841410e+002	7.416600e+001	6.356621e-005	-6.206038e+001
3.842350e+002	7.426000e+001	6.344847e-005	-6.215263e+001
3.843440e+002	7.436900e+001	6.345496e-005	-6.205862e+001
3.844530e+002	7.447800e+001	6.342249e-005	-6.211583e+001
3.845470e+002	7.457200e+001	6.343226e-005	-6.198174e+001
3.846560e+002	7.468100e+001	6.349653e-005	-6.207527e+001
3.847500e+002	7.477500e+001	6.348502e-005	-6.210982e+001
3.848430e+002	7.486800e+001	6.357954e-005	-6.206599e+001
3.849530e+002	7.497800e+001	6.351036e-005	-6.205543e+001
3.850620e+002	7.508700e+001	6.345272e-005	-6.214863e+001
3.851710e+002	7.519600e+001	6.350312e-005	-6.218993e+001
3.852650e+002	7.529000e+001	6.349436e-005	-6.216817e+001
3.853740e+002	7.539900e+001	6.351558e-005	-6.208706e+001
3.854670e+002	7.549200e+001	6.349914e-005	-6.197541e+001
3.855770e+002	7.560200e+001	6.347193e-005	-6.207261e+001
3.856860e+002	7.571100e+001	6.356456e-005	-6.208141e+001
3.857790e+002	7.580400e+001	6.344763e-005	-6.204946e+001
3.858730e+002	7.589800e+001	6.346085e-005	-6.203967e+001
3.859670e+002	7.599200e+001	6.340615e-005	-6.208123e+001
3.860600e+002	7.608500e+001	6.342965e-005	-6.200599e+001
3.861540e+002	7.617900e+001	6.340950e-005	-6.207005e+001
3.862470e+002	7.627200e+001	6.345842e-005	-6.210991e+001
3.863570e+002	7.638200e+001	6.341837e-005	-6.205103e+001
3.864500e+002	7.647500e+001	6.341682e-005	-6.211771e+001
3.865440e+002	7.656900e+001	6.343437e-005	-6.208517e+001
3.866370e+002	7.666200e+001	6.346496e-005	-6.209809e+001
3.867470e+002	7.677200e+001	6.347019e-005	-6.195448e+001
3.868400e+002	7.686500e+001	6.346642e-005	-6.203624e+001
3.869490e+002	7.697400e+001	6.352335e-005	-6.211089e+001
3.870590e+002	7.708400e+001	6.346912e-005	-6.203379e+001
3.871520e+002	7.717700e+001	6.338288e-005	-6.209203e+001
3.872460e+002	7.727100e+001	6.347900e-005	-6.196075e+001
3.873550e+002	7.738000e+001	6.330888e-005	-6.208122e+001
3.874490e+002	7.747400e+001	6.338325e-005	-6.204334e+001
3.875420e+002	7.756700e+001	6.336089e-005	-6.204774e+001
3.876360e+002	7.766100e+001	6.341586e-005	-6.211360e+001
3.877290e+002	7.775400e+001	6.346649e-005	-6.218530e+001
3.878390e+002	7.786400e+001	6.342858e-005	-6.209359e+001
3.879320e+002	7.795700e+001	6.333042e-005	-6.211173e+001
3.880410e+002	7.806600e+001	6.341818e-005	-6.203608e+001
3.881510e+002	7.817600e+001	6.339389e-005	-6.204629e+001
3.882600e+002	7.828500e+001	6.334823e-005	-6.206600e+001
3.883530e+002	7.837800e+001	6.329792e-005	-6.196338e+001
3.884630e+002	7.848800e+001	6.344474e-005	-6.213387e+001
3.885560e+002	7.858100e+001	6.341408e-005	-6.201970e+001
3.886650e+002	7.869000e+001	6.330406e-005	-6.206400e+001
3.887750e+002	7.880000e+001	6.341047e-005	-6.211314e+001
3.888840e+002	7.890900e+001	6.337459e-005	-6.209659e+001
3.889770e+002	7.900200e+001	6.337568e-005	-6.203123e+001
3.890870e+002	7.911200e+001	6.326089e-005	-6.206465e+001
3.891800e+002	7.920500e+001	6.335360e-005	-6.203305e+001
3.892740e+002	7.929900e+001	6.335775e-005	-6.204795e+001
3.893670e+002	7.939200e+001	6.329981e-005	-6.205274e+001
3.894770e+002	7.950200e+001	6.332956e-005	-6.201210e+001
3.895700e+002	7.959500e+001	6.335762e-005	-6.208946e+001
3.896790e+002	7.970400e+001	6.332365e-005	-6.200737e+001
3.897890e+002	7.981400e+001	6.334023e-005	-6.203098e+001
3.898980e+002	7.992300e+001	6.331932e-005	-6.206357e+001
3.899910e+002	8.001600e+001	6.333103e-005	-6.195333e+001
3.900850e+002	8.011000e+001	6.327084e-005	-6.204589e+001
3.901940e+002	8.021900e+001	6.329268e-005	-6.198440e+001
3.903030e+002	8.032800e+001	6.336504e-005	-6.207318e+001
3.903970e+002	8.042200e+001	6.332157e-005	-6.205158e+001
3.904910e+002	8.051600e+001	6.333111e-005	-6.198760e+001
3.905840e+002	8.060900e+001	6.341147e-005	-6.201966e+001
3.906780e+002	8.070300e+001	6.331222e-005	-6.201388e+001
3.907870e+002	8.081200e+001	6.329334e-005	-6.199743e+001
3.908960e+002	8.092100e+001	6.328735e-005	-6.202333e+001
3.910050e+002	8.103000e+001	6.320685e-005	-6.199257e+001
3.910990e+002	8.112400e+001	6.321919e-005	-6.207222e+001
3.912080e+002	8.123300e+001	6.331108e-005	-6.203561e+001
3.913170e+002	8.134200e+001	6.332853e-005	-6.209450e+001
3.914110e+002	8.143600e+001	6.325135e-005	-6.203656e+001
3.915050e+002	8.153000e+001	6.332850e-005	-6.203223e+001
3.916140e+002	8.163900e+001	6.329559e-005	-6.213200e+001
3.917230e+002	8.174800e+001	6.332991e-005	-6.198640e+001
3.918320e+002	8.185700e+001	6.319880e-005	-6.197332e+001
3.919410e+002	8.196600e+001	6.325416e-005	-6.199267e+001
3.920350e+002	8.206000e+001	6.329046e-005	-6.198949e+001
3.921440e+002	8.216900e+001	6.332489e-005	-6.203368e+001
3.922380e+002	8.226300e+001	6.326658e-005	-6.195267e+001
3.923310e+002	8.235600e+001	6.325242e-005	-6.212651e+001
3.924410e+002	8.246600e+001	6.331014e-005	-6.203329e+001
3.925500e+002	8.257500e+001	6.327164e-005	-6.201885e+001
3.926590e+002	8.268400e+001	6.324036e-005	-6.204823e+001
3.927680e+002	8.279300e+001	6.330480e-005	-6.213488e+001
3.928770e+002	8.290200e+001	6.324902e-005	-6.201974e+001
3.929870e+002	8.301200e+001	6.329915e-005	-6.205330e+001
3.930960e+002	8.312100e+001	6.328984e-005	-6.198844e+001
3.932050e+002	8.323000e+001	6.323866e-005	-6.200825e+001
3.932990e+002	8.332400e+001	6.321954e-005	-6.211168e+001
3.934080e+002	8.343300e+001	6.329948e-005	-6.205628e+001
3.935170e+002	8.354200e+001	6.318311e-005	-6.191469e+001
3.936260e+002	8.365100e+001	6.315803e-005	-6.201297e+001
3.937350e+002	8.376000e+001	6.327340e-005	-6.207165e+001
3.938450e+002	8.387000e+001	6.314220e-005	-6.196985e+001
3.939540e+002	8.397900e+001	6.321612e-005	-6.197335e+001
3.940470e+002	8.407200e+001	6.318204e-005	-6.192106e+001
3.941570e+002	8.418200e+001	6.325659e-005	-6.205779e+001
3.942500e+002	8.427500e+001	6.313508e-005	-6.208312e+001
3.943440e+002	8.436900e+001	6.319128e-005	-6.190931e+001
3.944530e+002	8.447800e+001	6.319365e-005	-6.204873e+001
3.945620e+002	8.458700e+001	6.322414e-005	-6.197488e+001
3.946560e+002	8.468100e+001	6.308677e-005	-6.193310e+001
3.947490e+002	8.477400e+001	6.314313e-005	-6.195193e+001
3.948160e+002	8.484100e+001	6.317852e-005	-6.193833e+001
