Fext	FextSD	Fgen	R	RSD	Theta	ThetaSD	Time
5.80002000000000000000e+005	0.00000000000000000000e+000	5.80000000000000000000e+005	1.22613999999999991904e-005	0.00000000000000000000e+000	2.09014999999999986358e+001	0.00000000000000000000e+000	7.45999921811744570732e-001
5.80003000000000000000e+005	0.00000000000000000000e+000	5.80002000000000000000e+005	1.22110000000000004861e-005	0.00000000000000000000e+000	2.09728999999999992099e+001	0.00000000000000000000e+000	9.99999921768903732300e-001
5.80005000000000000000e+005	0.00000000000000000000e+000	5.80004000000000000000e+005	1.22452999999999994631e-005	0.00000000000000000000e+000	2.08026000000000017565e+001	0.00000000000000000000e+000	1.25899992184713482857e+000
5.80008000000000000000e+005	0.00000000000000000000e+000	5.80006000000000000000e+005	1.23077000000000007630e-005	0.00000000000000000000e+000	2.04015999999999984027e+001	0.00000000000000000000e+000	1.51999992178753018379e+000
5.80009000000000000000e+005	0.00000000000000000000e+000	5.80008000000000000000e+005	1.23168000000000003879e-005	0.00000000000000000000e+000	2.10938000000000016598e+001	0.00000000000000000000e+000	1.78399992175400257111e+000
5.80012000000000000000e+005	0.00000000000000000000e+000	5.80010000000000000000e+005	1.23208000000000006884e-005	0.00000000000000000000e+000	2.10608000000000004093e+001	0.00000000000000000000e+000	2.04499992181081324816e+000
5.80013000000000000000e+005	0.00000000000000000000e+000	5.80012000000000000000e+005	1.23418999999999995208e-005	0.00000000000000000000e+000	2.10938000000000016598e+001	0.00000000000000000000e+000	2.30999992182478308678e+000
5.80015000000000000000e+005	0.00000000000000000000e+000	5.80014000000000000000e+005	1.22704000000000002901e-005	0.00000000000000000000e+000	2.07312000000000011823e+001	0.00000000000000000000e+000	2.56899992178659886122e+000
5.80017000000000000000e+005	0.00000000000000000000e+000	5.80016000000000000000e+005	1.23187999999999996912e-005	0.00000000000000000000e+000	2.07587000000000010402e+001	0.00000000000000000000e+000	2.82399992179125547409e+000
5.80019000000000000000e+005	0.00000000000000000000e+000	5.80018000000000000000e+005	1.23741999999999991946e-005	0.00000000000000000000e+000	2.07915999999999989711e+001	0.00000000000000000000e+000	3.08699992182664573193e+000
5.80021000000000000000e+005	0.00000000000000000000e+000	5.80020000000000000000e+005	1.23126999999999998681e-005	0.00000000000000000000e+000	2.06817999999999990735e+001	0.00000000000000000000e+000	3.34799992176704108715e+000
5.80023000000000000000e+005	0.00000000000000000000e+000	5.80022000000000000000e+005	1.23388999999999997189e-005	0.00000000000000000000e+000	2.06598000000000006082e+001	0.00000000000000000000e+000	3.60899992182385176420e+000
5.80026000000000000000e+005	0.00000000000000000000e+000	5.80024000000000000000e+005	1.20680000000000003306e-005	0.00000000000000000000e+000	1.96216000000000008185e+001	0.00000000000000000000e+000	3.86699992185458540916e+000
5.80027000000000000000e+005	0.00000000000000000000e+000	5.80026000000000000000e+005	1.23821999999999997956e-005	0.00000000000000000000e+000	2.06981999999999999318e+001	0.00000000000000000000e+000	4.12199992174282670021e+000
5.80030000000000000000e+005	0.00000000000000000000e+000	5.80028000000000000000e+005	1.24698000000000004477e-005	0.00000000000000000000e+000	2.03412000000000006139e+001	0.00000000000000000000e+000	4.38299992179963737726e+000
5.80031000000000000000e+005	0.00000000000000000000e+000	5.80030000000000000000e+005	1.24708999999999994716e-005	0.00000000000000000000e+000	2.05115000000000016200e+001	0.00000000000000000000e+000	4.63599992182571440935e+000
5.80033000000000000000e+005	0.00000000000000000000e+000	5.80032000000000000000e+005	1.25091000000000002239e-005	0.00000000000000000000e+000	2.03412000000000006139e+001	0.00000000000000000000e+000	4.89499992178753018379e+000
5.80034000000000000000e+005	0.00000000000000000000e+000	5.80034000000000000000e+005	1.25665000000000007247e-005	0.00000000000000000000e+000	2.04729999999999989768e+001	0.00000000000000000000e+000	5.14999992179218679667e+000
5.80037000000000000000e+005	0.00000000000000000000e+000	5.80036000000000000000e+005	1.25251999999999999512e-005	0.00000000000000000000e+000	2.05004999999999988347e+001	0.00000000000000000000e+000	5.41499992180615663528e+000
5.80039000000000000000e+005	0.00000000000000000000e+000	5.80038000000000000000e+005	1.25835999999999992565e-005	0.00000000000000000000e+000	2.02642999999999986471e+001	0.00000000000000000000e+000	5.67599992174655199051e+000
5.80042000000000000000e+005	0.00000000000000000000e+000	5.80040000000000000000e+005	1.26018000000000002003e-005	0.00000000000000000000e+000	2.02753000000000014325e+001	0.00000000000000000000e+000	5.92899992177262902260e+000
5.80044000000000000000e+005	0.00000000000000000000e+000	5.80042000000000000000e+005	1.26189000000000004262e-005	0.00000000000000000000e+000	2.01269999999999988916e+001	0.00000000000000000000e+000	6.18899992178194224834e+000
5.80046000000000000000e+005	0.00000000000000000000e+000	5.80044000000000000000e+005	1.25181999999999998488e-005	0.00000000000000000000e+000	2.04729999999999989768e+001	0.00000000000000000000e+000	6.45599992177449166775e+000
5.80048000000000000000e+005	0.00000000000000000000e+000	5.80046000000000000000e+005	1.26832999999999993353e-005	0.00000000000000000000e+000	2.03137000000000007560e+001	0.00000000000000000000e+000	6.71499992185272276402e+000
5.80049000000000000000e+005	0.00000000000000000000e+000	5.80048000000000000000e+005	1.26098000000000008014e-005	0.00000000000000000000e+000	2.02423000000000001819e+001	0.00000000000000000000e+000	6.97599992179311811924e+000
5.80050000000000000000e+005	0.00000000000000000000e+000	5.80050000000000000000e+005	1.27186000000000005051e-005	0.00000000000000000000e+000	2.00665000000000013358e+001	0.00000000000000000000e+000	7.23199992184527218342e+000
5.80053000000000000000e+005	0.00000000000000000000e+000	5.80052000000000000000e+005	1.26601999999999995057e-005	0.00000000000000000000e+000	2.01543999999999989825e+001	0.00000000000000000000e+000	7.49999992176890373230e+000
5.80055000000000000000e+005	0.00000000000000000000e+000	5.80054000000000000000e+005	1.26601999999999995057e-005	0.00000000000000000000e+000	2.00280999999999984595e+001	0.00000000000000000000e+000	7.76499992178287357092e+000
5.80057000000000000000e+005	0.00000000000000000000e+000	5.80056000000000000000e+005	1.27085000000000003815e-005	0.00000000000000000000e+000	1.97589000000000005741e+001	0.00000000000000000000e+000	8.02399992174468934536e+000
5.80060000000000000000e+005	0.00000000000000000000e+000	5.80058000000000000000e+005	1.28082000000000004603e-005	0.00000000000000000000e+000	1.99567000000000014381e+001	0.00000000000000000000e+000	8.28399992175400257111e+000
5.80061000000000000000e+005	0.00000000000000000000e+000	5.80060000000000000000e+005	1.27658999999999991882e-005	0.00000000000000000000e+000	1.98797999999999994714e+001	0.00000000000000000000e+000	8.54099992185365408659e+000
5.80064000000000000000e+005	0.00000000000000000000e+000	5.80062000000000000000e+005	1.28012000000000003580e-005	0.00000000000000000000e+000	1.95831000000000017280e+001	0.00000000000000000000e+000	8.80099992174655199051e+000
5.80065000000000000000e+005	0.00000000000000000000e+000	5.80064000000000000000e+005	1.27881000000000004326e-005	0.00000000000000000000e+000	1.97205000000000012506e+001	0.00000000000000000000e+000	9.06399992178194224834e+000
5.80068000000000000000e+005	0.00000000000000000000e+000	5.80066000000000000000e+005	1.29432000000000000148e-005	0.00000000000000000000e+000	1.96930000000000013927e+001	0.00000000000000000000e+000	9.31599992176052182913e+000
5.80070000000000000000e+005	0.00000000000000000000e+000	5.80068000000000000000e+005	1.29865000000000000916e-005	0.00000000000000000000e+000	1.96216000000000008185e+001	0.00000000000000000000e+000	9.57699992181733250618e+000
5.80071000000000000000e+005	0.00000000000000000000e+000	5.80070000000000000000e+005	1.29390999999999994951e-005	0.00000000000000000000e+000	1.91492000000000004434e+001	0.00000000000000000000e+000	9.84699992183595895767e+000
5.80073000000000000000e+005	0.00000000000000000000e+000	5.80072000000000000000e+005	1.29421999999999995162e-005	0.00000000000000000000e+000	1.91766000000000005343e+001	0.00000000000000000000e+000	1.01089999218238517642e+001
5.80075000000000000000e+005	0.00000000000000000000e+000	5.80074000000000000000e+005	1.30066000000000001193e-005	0.00000000000000000000e+000	1.95336999999999996191e+001	0.00000000000000000000e+000	1.03679999217856675386e+001
5.80077000000000000000e+005	0.00000000000000000000e+000	5.80076000000000000000e+005	1.30298000000000001683e-005	0.00000000000000000000e+000	1.87975999999999991985e+001	0.00000000000000000000e+000	1.06239999218378216028e+001
5.80078000000000000000e+005	0.00000000000000000000e+000	5.80078000000000000000e+005	1.30368000000000002706e-005	0.00000000000000000000e+000	1.87975999999999991985e+001	0.00000000000000000000e+000	1.08759999218164011836e+001
5.80081000000000000000e+005	0.00000000000000000000e+000	5.80080000000000000000e+005	1.31003000000000005944e-005	0.00000000000000000000e+000	1.89788999999999994373e+001	0.00000000000000000000e+000	1.11369999217567965388e+001
5.80083000000000000000e+005	0.00000000000000000000e+000	5.80082000000000000000e+005	1.30771000000000005455e-005	0.00000000000000000000e+000	1.87591999999999998749e+001	0.00000000000000000000e+000	1.13889999218517914414e+001
5.80084000000000000000e+005	0.00000000000000000000e+000	5.80084000000000000000e+005	1.31758000000000001257e-005	0.00000000000000000000e+000	1.86876999999999995339e+001	0.00000000000000000000e+000	1.16529999218182638288e+001
5.80088000000000000000e+005	0.00000000000000000000e+000	5.80086000000000000000e+005	1.31003000000000005944e-005	0.00000000000000000000e+000	1.92974999999999994316e+001	0.00000000000000000000e+000	1.19129999218275770545e+001
5.80089000000000000000e+005	0.00000000000000000000e+000	5.80088000000000000000e+005	1.32382999999999999508e-005	0.00000000000000000000e+000	1.83307000000000002160e+001	0.00000000000000000000e+000	1.21719999217893928289e+001
5.80091000000000000000e+005	0.00000000000000000000e+000	5.80090000000000000000e+005	1.32594000000000004772e-005	0.00000000000000000000e+000	1.79901000000000017565e+001	0.00000000000000000000e+000	1.24329999218462035060e+001
5.80093000000000000000e+005	0.00000000000000000000e+000	5.80092000000000000000e+005	1.33298999999999992093e-005	0.00000000000000000000e+000	1.78638000000000012335e+001	0.00000000000000000000e+000	1.26949999218340963125e+001
5.80095000000000000000e+005	0.00000000000000000000e+000	5.80094000000000000000e+005	1.32493000000000003537e-005	0.00000000000000000000e+000	1.77649000000000008015e+001	0.00000000000000000000e+000	1.29599999218480661511e+001
5.80097000000000000000e+005	0.00000000000000000000e+000	5.80096000000000000000e+005	1.33420000000000003301e-005	0.00000000000000000000e+000	1.76604999999999989768e+001	0.00000000000000000000e+000	1.32159999217838048935e+001
5.80098000000000000000e+005	0.00000000000000000000e+000	5.80098000000000000000e+005	1.34768999999999996653e-005	0.00000000000000000000e+000	1.75890999999999984027e+001	0.00000000000000000000e+000	1.34849999217549338937e+001
5.80101000000000000000e+005	0.00000000000000000000e+000	5.80100000000000000000e+005	1.33792000000000005838e-005	0.00000000000000000000e+000	1.68475000000000001421e+001	0.00000000000000000000e+000	1.37459999218117445707e+001
5.80104000000000000000e+005	0.00000000000000000000e+000	5.80102000000000000000e+005	1.34970999999999999124e-005	0.00000000000000000000e+000	1.67706000000000017280e+001	0.00000000000000000000e+000	1.39999999217689037323e+001
5.80105000000000000000e+005	0.00000000000000000000e+000	5.80104000000000000000e+005	1.36420999999999993711e-005	0.00000000000000000000e+000	1.66553000000000004377e+001	0.00000000000000000000e+000	1.42609999218257144094e+001
5.80108000000000000000e+005	0.00000000000000000000e+000	5.80106000000000000000e+005	1.36299999999999999444e-005	0.00000000000000000000e+000	1.65398999999999993804e+001	0.00000000000000000000e+000	1.45209999218350276351e+001
5.80110000000000000000e+005	0.00000000000000000000e+000	5.80108000000000000000e+005	1.35938000000000001893e-005	0.00000000000000000000e+000	1.61388999999999995794e+001	0.00000000000000000000e+000	1.47729999218136072159e+001
5.80111000000000000000e+005	0.00000000000000000000e+000	5.80110000000000000000e+005	1.36531999999999999933e-005	0.00000000000000000000e+000	1.58038000000000007361e+001	0.00000000000000000000e+000	1.50349999218015000224e+001
5.80112000000000000000e+005	0.00000000000000000000e+000	5.80112000000000000000e+005	1.37246999999999992240e-005	0.00000000000000000000e+000	1.53864000000000000767e+001	0.00000000000000000000e+000	1.52859999218489974737e+001
5.80115000000000000000e+005	0.00000000000000000000e+000	5.80114000000000000000e+005	1.37548999999999993753e-005	0.00000000000000000000e+000	1.52161000000000008470e+001	0.00000000000000000000e+000	1.55389999217586591840e+001
5.80116000000000000000e+005	0.00000000000000000000e+000	5.80116000000000000000e+005	1.38475999999999993518e-005	0.00000000000000000000e+000	1.48369999999999997442e+001	0.00000000000000000000e+000	1.57999999218154698610e+001
5.80120000000000000000e+005	0.00000000000000000000e+000	5.80118000000000000000e+005	1.38918999999999999271e-005	0.00000000000000000000e+000	1.45238999999999993662e+001	0.00000000000000000000e+000	1.60639999217819422483e+001
5.80121000000000000000e+005	0.00000000000000000000e+000	5.80120000000000000000e+005	1.38918999999999999271e-005	0.00000000000000000000e+000	1.40404999999999997584e+001	0.00000000000000000000e+000	1.63159999217605218291e+001
5.80123000000000000000e+005	0.00000000000000000000e+000	5.80122000000000000000e+005	1.39724000000000002575e-005	0.00000000000000000000e+000	1.39361999999999994770e+001	0.00000000000000000000e+000	1.65749999218387529254e+001
5.80124000000000000000e+005	0.00000000000000000000e+000	5.80124000000000000000e+005	1.40298000000000007583e-005	0.00000000000000000000e+000	1.36560000000000005826e+001	0.00000000000000000000e+000	1.68379999217577278614e+001
5.80127000000000000000e+005	0.00000000000000000000e+000	5.80126000000000000000e+005	1.40298000000000007583e-005	0.00000000000000000000e+000	1.26508000000000002672e+001	0.00000000000000000000e+000	1.70969999218359589577e+001
5.80129000000000000000e+005	0.00000000000000000000e+000	5.80128000000000000000e+005	1.40771999999999996607e-005	0.00000000000000000000e+000	1.23596000000000003638e+001	0.00000000000000000000e+000	1.73589999218238517642e+001
5.80131000000000000000e+005	0.00000000000000000000e+000	5.80130000000000000000e+005	1.40792000000000006580e-005	0.00000000000000000000e+000	1.19970999999999996533e+001	0.00000000000000000000e+000	1.76149999217595905066e+001
5.80134000000000000000e+005	0.00000000000000000000e+000	5.80132000000000000000e+005	1.41154000000000004131e-005	0.00000000000000000000e+000	1.09753000000000007219e+001	0.00000000000000000000e+000	1.78769999217474833131e+001
5.80134000000000000000e+005	0.00000000000000000000e+000	5.80134000000000000000e+005	1.41264999999999993412e-005	0.00000000000000000000e+000	1.04918999999999993378e+001	0.00000000000000000000e+000	1.81399999217828735709e+001
5.80137000000000000000e+005	0.00000000000000000000e+000	5.80136000000000000000e+005	1.42392999999999993454e-005	0.00000000000000000000e+000	9.84923999999999999488e+000	0.00000000000000000000e+000	1.84049999217968434095e+001
5.80139000000000000000e+005	0.00000000000000000000e+000	5.80138000000000000000e+005	1.41576999999999999911e-005	0.00000000000000000000e+000	9.29443000000000019156e+000	0.00000000000000000000e+000	1.86639999217586591840e+001
5.80142000000000000000e+005	0.00000000000000000000e+000	5.80140000000000000000e+005	1.41446000000000000657e-005	0.00000000000000000000e+000	8.78905999999999920647e+000	0.00000000000000000000e+000	1.89179999218322336674e+001
5.80142000000000000000e+005	0.00000000000000000000e+000	5.80142000000000000000e+005	1.41506999999999998887e-005	0.00000000000000000000e+000	7.21251999999999959812e+000	0.00000000000000000000e+000	1.91799999218201264739e+001
5.80146000000000000000e+005	0.00000000000000000000e+000	5.80144000000000000000e+005	1.41063999999999993134e-005	0.00000000000000000000e+000	6.91040000000000009805e+000	0.00000000000000000000e+000	1.94379999218508601189e+001
5.80147000000000000000e+005	0.00000000000000000000e+000	5.80146000000000000000e+005	1.40408999999999996864e-005	0.00000000000000000000e+000	6.34459999999999979536e+000	0.00000000000000000000e+000	1.96919999218080192804e+001
5.80149000000000000000e+005	0.00000000000000000000e+000	5.80148000000000000000e+005	1.40177999999999998567e-005	0.00000000000000000000e+000	5.48766999999999960380e+000	0.00000000000000000000e+000	1.99549999218434095383e+001
5.80151000000000000000e+005	0.00000000000000000000e+000	5.80150000000000000000e+005	1.39441999999999994094e-005	0.00000000000000000000e+000	5.28992000000000039961e+000	0.00000000000000000000e+000	2.02199999217409640551e+001
5.80154000000000000000e+005	0.00000000000000000000e+000	5.80152000000000000000e+005	1.38465000000000003279e-005	0.00000000000000000000e+000	4.26269999999999971152e+000	0.00000000000000000000e+000	2.04779999217716977000e+001
5.80154000000000000000e+005	0.00000000000000000000e+000	5.80154000000000000000e+005	1.37810999999999992261e-005	0.00000000000000000000e+000	3.16406000000000009464e+000	0.00000000000000000000e+000	2.07429999217856675386e+001
5.80157000000000000000e+005	0.00000000000000000000e+000	5.80156000000000000000e+005	1.35735999999999999423e-005	0.00000000000000000000e+000	2.64771000000000000796e+000	0.00000000000000000000e+000	2.09969999217428267002e+001
5.80160000000000000000e+005	0.00000000000000000000e+000	5.80158000000000000000e+005	1.35414000000000004877e-005	0.00000000000000000000e+000	1.46117999999999992333e+000	0.00000000000000000000e+000	2.12609999218257144094e+001
5.80161000000000000000e+005	0.00000000000000000000e+000	5.80160000000000000000e+005	1.33913000000000000106e-005	0.00000000000000000000e+000	1.03821000000000007724e+000	0.00000000000000000000e+000	2.15209999218350276351e+001
5.80163000000000000000e+005	0.00000000000000000000e+000	5.80162000000000000000e+005	1.31658000000000002214e-005	0.00000000000000000000e+000	1.42822000000000004505e-001	0.00000000000000000000e+000	2.17779999218182638288e+001
5.80164000000000000000e+005	0.00000000000000000000e+000	5.80164000000000000000e+005	1.29783999999999992712e-005	0.00000000000000000000e+000	-9.33837999999999945899e-001	0.00000000000000000000e+000	2.20349999218015000224e+001
5.80168000000000000000e+005	0.00000000000000000000e+000	5.80166000000000000000e+005	1.27960999999999993395e-005	0.00000000000000000000e+000	-8.62427000000000054669e-001	0.00000000000000000000e+000	2.22879999218275770545e+001
5.80169000000000000000e+005	0.00000000000000000000e+000	5.80168000000000000000e+005	1.25705999999999995504e-005	0.00000000000000000000e+000	-1.63146999999999997577e+000	0.00000000000000000000e+000	2.25559999217512086034e+001
5.80171000000000000000e+005	0.00000000000000000000e+000	5.80170000000000000000e+005	1.23409000000000007162e-005	0.00000000000000000000e+000	-2.29064999999999985292e+000	0.00000000000000000000e+000	2.28209999217651784420e+001
5.80173000000000000000e+005	0.00000000000000000000e+000	5.80172000000000000000e+005	1.21596999999999998084e-005	0.00000000000000000000e+000	-2.48290999999999995040e+000	0.00000000000000000000e+000	2.30719999218126758933e+001
5.80174000000000000000e+005	0.00000000000000000000e+000	5.80174000000000000000e+005	1.19381000000000001005e-005	0.00000000000000000000e+000	-2.87292000000000014026e+000	0.00000000000000000000e+000	2.33359999217791482806e+001
5.80178000000000000000e+005	0.00000000000000000000e+000	5.80176000000000000000e+005	1.16924000000000000642e-005	0.00000000000000000000e+000	-3.08166999999999990933e+000	0.00000000000000000000e+000	2.35949999217409640551e+001
5.80179000000000000000e+005	0.00000000000000000000e+000	5.80178000000000000000e+005	1.14193999999999994593e-005	0.00000000000000000000e+000	-3.26293999999999995154e+000	0.00000000000000000000e+000	2.38479999217670410872e+001
5.80180000000000000000e+005	0.00000000000000000000e+000	5.80180000000000000000e+005	1.12935999999999997490e-005	0.00000000000000000000e+000	-3.50464000000000019952e+000	0.00000000000000000000e+000	2.41079999217763543129e+001
5.80183000000000000000e+005	0.00000000000000000000e+000	5.80182000000000000000e+005	1.10487999999999999921e-005	0.00000000000000000000e+000	-3.47717000000000009408e+000	0.00000000000000000000e+000	2.43609999218024313450e+001
5.80185000000000000000e+005	0.00000000000000000000e+000	5.80184000000000000000e+005	1.08877000000000008061e-005	0.00000000000000000000e+000	-3.07067999999999985405e+000	0.00000000000000000000e+000	2.46209999218117445707e+001
5.80187000000000000000e+005	0.00000000000000000000e+000	5.80186000000000000000e+005	1.06651000000000005996e-005	0.00000000000000000000e+000	-3.51562999999999981071e+000	0.00000000000000000000e+000	2.48799999217735603452e+001
5.80189000000000000000e+005	0.00000000000000000000e+000	5.80188000000000000000e+005	1.05060000000000007168e-005	0.00000000000000000000e+000	-2.74657999999999979934e+000	0.00000000000000000000e+000	2.51349999217782169580e+001
5.80190000000000000000e+005	0.00000000000000000000e+000	5.80190000000000000000e+005	1.02230000000000002076e-005	0.00000000000000000000e+000	-1.86768000000000000682e+000	0.00000000000000000000e+000	2.53889999218517914414e+001
5.80194000000000000000e+005	0.00000000000000000000e+000	5.80192000000000000000e+005	1.01273000000000004293e-005	0.00000000000000000000e+000	-1.89514000000000004675e+000	0.00000000000000000000e+000	2.56549999217968434095e+001
5.80195000000000000000e+005	0.00000000000000000000e+000	5.80194000000000000000e+005	9.99440999999999940280e-006	0.00000000000000000000e+000	-1.77428999999999992276e+000	0.00000000000000000000e+000	2.59109999218489974737e+001
5.80197000000000000000e+005	0.00000000000000000000e+000	5.80196000000000000000e+005	9.94706999999999961549e-006	0.00000000000000000000e+000	-7.63549999999999950973e-001	0.00000000000000000000e+000	2.61729999218368902802e+001
5.80198000000000000000e+005	0.00000000000000000000e+000	5.80198000000000000000e+005	9.68220000000000023547e-006	0.00000000000000000000e+000	-7.91016000000000052417e-001	0.00000000000000000000e+000	2.64379999218508601189e+001
5.80201000000000000000e+005	0.00000000000000000000e+000	5.80200000000000000000e+005	9.58955000000000036867e-006	0.00000000000000000000e+000	4.39452999999999996406e-002	0.00000000000000000000e+000	2.66999999218387529254e+001
5.80202000000000000000e+005	0.00000000000000000000e+000	5.80202000000000000000e+005	9.50395000000000071390e-006	0.00000000000000000000e+000	1.29089000000000009294e+000	0.00000000000000000000e+000	2.69659999217838048935e+001
5.80205000000000000000e+005	0.00000000000000000000e+000	5.80204000000000000000e+005	9.37604999999999978700e-006	0.00000000000000000000e+000	1.24695000000000000284e+000	0.00000000000000000000e+000	2.72229999217670410872e+001
5.80207000000000000000e+005	0.00000000000000000000e+000	5.80206000000000000000e+005	9.36093999999999985882e-006	0.00000000000000000000e+000	2.44994999999999985008e+000	0.00000000000000000000e+000	2.74839999218238517642e+001
5.80208000000000000000e+005	0.00000000000000000000e+000	5.80208000000000000000e+005	9.30455000000000055627e-006	0.00000000000000000000e+000	2.60375999999999985235e+000	0.00000000000000000000e+000	2.77479999217903241515e+001
5.80212000000000000000e+005	0.00000000000000000000e+000	5.80210000000000000000e+005	9.24110000000000034214e-006	0.00000000000000000000e+000	3.04870999999999980901e+000	0.00000000000000000000e+000	2.80099999217782169580e+001
5.80213000000000000000e+005	0.00000000000000000000e+000	5.80212000000000000000e+005	9.10815999999999920600e-006	0.00000000000000000000e+000	3.98254000000000019099e+000	0.00000000000000000000e+000	2.82689999218564480543e+001
5.80216000000000000000e+005	0.00000000000000000000e+000	5.80214000000000000000e+005	9.13232999999999934897e-006	0.00000000000000000000e+000	5.18004999999999959925e+000	0.00000000000000000000e+000	2.85219999217661097646e+001
5.80216000000000000000e+005	0.00000000000000000000e+000	5.80216000000000000000e+005	8.97220000000000025701e-006	0.00000000000000000000e+000	6.37206999999999990081e+000	0.00000000000000000000e+000	2.87839999217540025711e+001
5.80220000000000000000e+005	0.00000000000000000000e+000	5.80218000000000000000e+005	9.41532999999999985815e-006	0.00000000000000000000e+000	5.70739999999999980673e+000	0.00000000000000000000e+000	2.90459999217418953776e+001
5.80221000000000000000e+005	0.00000000000000000000e+000	5.80220000000000000000e+005	8.97019000000000025423e-006	0.00000000000000000000e+000	7.51464999999999960778e+000	0.00000000000000000000e+000	2.93009999217465519905e+001
5.80223000000000000000e+005	0.00000000000000000000e+000	5.80222000000000000000e+005	8.99940000000000060645e-006	0.00000000000000000000e+000	6.75659000000000009578e+000	0.00000000000000000000e+000	2.95649999218294396996e+001
5.80225000000000000000e+005	0.00000000000000000000e+000	5.80224000000000000000e+005	8.89265000000000031561e-006	0.00000000000000000000e+000	8.42102000000000039392e+000	0.00000000000000000000e+000	2.98349999218480661511e+001
5.80226000000000000000e+005	0.00000000000000000000e+000	5.80226000000000000000e+005	8.96414999999999954634e-006	0.00000000000000000000e+000	8.65173000000000058662e+000	0.00000000000000000000e+000	3.00929999217623844743e+001
5.80229000000000000000e+005	0.00000000000000000000e+000	5.80228000000000000000e+005	9.01652000000000053740e-006	0.00000000000000000000e+000	9.06371999999999999886e+000	0.00000000000000000000e+000	3.03519999218406155705e+001
5.80231000000000000000e+005	0.00000000000000000000e+000	5.80230000000000000000e+005	8.98228000000000067549e-006	0.00000000000000000000e+000	9.61852999999999980218e+000	0.00000000000000000000e+000	3.06099999217549338937e+001
5.80233000000000000000e+005	0.00000000000000000000e+000	5.80232000000000000000e+005	8.94903999999999961816e-006	0.00000000000000000000e+000	9.82178000000000039904e+000	0.00000000000000000000e+000	3.08669999218545854092e+001
5.80235000000000000000e+005	0.00000000000000000000e+000	5.80234000000000000000e+005	8.98025999999999997316e-006	0.00000000000000000000e+000	1.06402999999999998693e+001	0.00000000000000000000e+000	3.11279999217949807644e+001
5.80238000000000000000e+005	0.00000000000000000000e+000	5.80236000000000000000e+005	8.93695999999999989645e-006	0.00000000000000000000e+000	1.09093999999999997641e+001	0.00000000000000000000e+000	3.13889999218517914414e+001
5.80239000000000000000e+005	0.00000000000000000000e+000	5.80238000000000000000e+005	8.91883000000000046136e-006	0.00000000000000000000e+000	1.16071000000000008612e+001	0.00000000000000000000e+000	3.16479999218136072159e+001
5.80242000000000000000e+005	0.00000000000000000000e+000	5.80240000000000000000e+005	9.07895000000000054784e-006	0.00000000000000000000e+000	1.17937999999999991729e+001	0.00000000000000000000e+000	3.19049999217968434095e+001
5.80244000000000000000e+005	0.00000000000000000000e+000	5.80242000000000000000e+005	9.04873999999999969698e-006	0.00000000000000000000e+000	1.25298999999999995936e+001	0.00000000000000000000e+000	3.21669999217847362161e+001
5.80245000000000000000e+005	0.00000000000000000000e+000	5.80244000000000000000e+005	8.96818000000000025145e-006	0.00000000000000000000e+000	1.21454000000000004178e+001	0.00000000000000000000e+000	3.24269999217940494418e+001
5.80246000000000000000e+005	0.00000000000000000000e+000	5.80246000000000000000e+005	8.98327999999999948007e-006	0.00000000000000000000e+000	1.29419000000000004036e+001	0.00000000000000000000e+000	3.26779999218415468931e+001
5.80248000000000000000e+005	0.00000000000000000000e+000	5.80248000000000000000e+005	9.06285000000000082057e-006	0.00000000000000000000e+000	1.32605000000000003979e+001	0.00000000000000000000e+000	3.29359999217558652163e+001
5.80252000000000000000e+005	0.00000000000000000000e+000	5.80250000000000000000e+005	9.11118999999999941246e-006	0.00000000000000000000e+000	1.32989999999999994884e+001	0.00000000000000000000e+000	3.31959999217651784420e+001
5.80253000000000000000e+005	0.00000000000000000000e+000	5.80252000000000000000e+005	9.02357000000000074942e-006	0.00000000000000000000e+000	1.38702000000000005286e+001	0.00000000000000000000e+000	3.34479999217437580228e+001
5.80256000000000000000e+005	0.00000000000000000000e+000	5.80254000000000000000e+005	9.16959999999999941735e-006	0.00000000000000000000e+000	1.45403999999999999915e+001	0.00000000000000000000e+000	3.37089999218005686998e+001
5.80257000000000000000e+005	0.00000000000000000000e+000	5.80256000000000000000e+005	9.13232999999999934897e-006	0.00000000000000000000e+000	1.48260000000000005116e+001	0.00000000000000000000e+000	3.39689999218098819256e+001
5.80259000000000000000e+005	0.00000000000000000000e+000	5.80258000000000000000e+005	9.16557000000000040630e-006	0.00000000000000000000e+000	1.49413999999999997925e+001	0.00000000000000000000e+000	3.42299999217502772808e+001
5.80261000000000000000e+005	0.00000000000000000000e+000	5.80260000000000000000e+005	9.21793000000000069781e-006	0.00000000000000000000e+000	1.49304000000000005599e+001	0.00000000000000000000e+000	3.44919999218545854092e+001
5.80263000000000000000e+005	0.00000000000000000000e+000	5.80262000000000000000e+005	9.19778999999999956588e-006	0.00000000000000000000e+000	1.50897000000000005571e+001	0.00000000000000000000e+000	3.47479999217903241515e+001
5.80265000000000000000e+005	0.00000000000000000000e+000	5.80264000000000000000e+005	9.24311000000000034492e-006	0.00000000000000000000e+000	1.56775000000000002132e+001	0.00000000000000000000e+000	3.50059999218210577965e+001
5.80267000000000000000e+005	0.00000000000000000000e+000	5.80266000000000000000e+005	9.22497999999999921577e-006	0.00000000000000000000e+000	1.57158999999999995367e+001	0.00000000000000000000e+000	3.52729999218136072159e+001
5.80268000000000000000e+005	0.00000000000000000000e+000	5.80268000000000000000e+005	9.38511000000000000180e-006	0.00000000000000000000e+000	1.58588000000000004519e+001	0.00000000000000000000e+000	3.55349999218015000224e+001
5.80272000000000000000e+005	0.00000000000000000000e+000	5.80270000000000000000e+005	9.24512999999999935319e-006	0.00000000000000000000e+000	1.58971999999999997755e+001	0.00000000000000000000e+000	3.57999999218154698610e+001
5.80272000000000000000e+005	0.00000000000000000000e+000	5.80272000000000000000e+005	9.27130999999999949894e-006	0.00000000000000000000e+000	1.62268000000000007788e+001	0.00000000000000000000e+000	3.60529999218415468931e+001
5.80275000000000000000e+005	0.00000000000000000000e+000	5.80274000000000000000e+005	9.28842999999999942989e-006	0.00000000000000000000e+000	1.66771999999999991360e+001	0.00000000000000000000e+000	3.63179999218555167317e+001
5.80278000000000000000e+005	0.00000000000000000000e+000	5.80276000000000000000e+005	9.38812999999999950871e-006	0.00000000000000000000e+000	1.68969999999999984652e+001	0.00000000000000000000e+000	3.65769999218173325062e+001
5.80279000000000000000e+005	0.00000000000000000000e+000	5.80278000000000000000e+005	9.39820999999999992720e-006	0.00000000000000000000e+000	1.70507999999999988461e+001	0.00000000000000000000e+000	3.68379999217577278614e+001
5.80282000000000000000e+005	0.00000000000000000000e+000	5.80280000000000000000e+005	9.40727000000000014200e-006	0.00000000000000000000e+000	1.77374000000000009436e+001	0.00000000000000000000e+000	3.70969999218359589577e+001
5.80283000000000000000e+005	0.00000000000000000000e+000	5.80282000000000000000e+005	9.37403999999999978422e-006	0.00000000000000000000e+000	1.70397999999999996135e+001	0.00000000000000000000e+000	3.73619999218499287963e+001
5.80286000000000000000e+005	0.00000000000000000000e+000	5.80284000000000000000e+005	9.48179999999999957919e-006	0.00000000000000000000e+000	1.76604999999999989768e+001	0.00000000000000000000e+000	3.76229999217903241515e+001
5.80287000000000000000e+005	0.00000000000000000000e+000	5.80286000000000000000e+005	9.41129999999999915304e-006	0.00000000000000000000e+000	1.76276000000000010459e+001	0.00000000000000000000e+000	3.78859999218257144094e+001
5.80290000000000000000e+005	0.00000000000000000000e+000	5.80288000000000000000e+005	9.38309999999999999902e-006	0.00000000000000000000e+000	1.69848999999999996646e+001	0.00000000000000000000e+000	3.81469999217661097646e+001
5.80291000000000000000e+005	0.00000000000000000000e+000	5.80290000000000000000e+005	9.49286999999999979677e-006	0.00000000000000000000e+000	1.82427999999999990166e+001	0.00000000000000000000e+000	3.84109999218489974737e+001
5.80292000000000000000e+005	0.00000000000000000000e+000	5.80292000000000000000e+005	9.49286999999999979677e-006	0.00000000000000000000e+000	1.79790999999999989711e+001	0.00000000000000000000e+000	3.86739999217679724097e+001
5.80296000000000000000e+005	0.00000000000000000000e+000	5.80294000000000000000e+005	9.60365000000000079271e-006	0.00000000000000000000e+000	1.82042999999999999261e+001	0.00000000000000000000e+000	3.89329999218462035060e+001
5.80297000000000000000e+005	0.00000000000000000000e+000	5.80296000000000000000e+005	9.54323000000000078505e-006	0.00000000000000000000e+000	1.83197000000000009834e+001	0.00000000000000000000e+000	3.91999999218387529254e+001
5.80299000000000000000e+005	0.00000000000000000000e+000	5.80298000000000000000e+005	9.60566999999999980098e-006	0.00000000000000000000e+000	1.79406999999999996476e+001	0.00000000000000000000e+000	3.94569999218219891191e+001
5.80301000000000000000e+005	0.00000000000000000000e+000	5.80300000000000000000e+005	9.59660000000000058069e-006	0.00000000000000000000e+000	1.77374000000000009436e+001	0.00000000000000000000e+000	3.97169999218313023448e+001
5.80303000000000000000e+005	0.00000000000000000000e+000	5.80302000000000000000e+005	9.63486999999999945365e-006	0.00000000000000000000e+000	1.85228999999999999204e+001	0.00000000000000000000e+000	3.99799999217502772808e+001
5.80304000000000000000e+005	0.00000000000000000000e+000	5.80304000000000000000e+005	9.59560000000000008205e-006	0.00000000000000000000e+000	1.84350999999999984880e+001	0.00000000000000000000e+000	4.02439999218331649899e+001
5.80308000000000000000e+005	0.00000000000000000000e+000	5.80306000000000000000e+005	9.64493999999999917258e-006	0.00000000000000000000e+000	1.87865999999999999659e+001	0.00000000000000000000e+000	4.05029999217949807644e+001
5.80309000000000000000e+005	0.00000000000000000000e+000	5.80308000000000000000e+005	9.67213000000000051653e-006	0.00000000000000000000e+000	1.83690999999999995396e+001	0.00000000000000000000e+000	4.07589999218471348286e+001
5.80311000000000000000e+005	0.00000000000000000000e+000	5.80310000000000000000e+005	9.62883000000000043982e-006	0.00000000000000000000e+000	1.98688000000000002387e+001	0.00000000000000000000e+000	4.10219999217661097646e+001
5.80313000000000000000e+005	0.00000000000000000000e+000	5.80312000000000000000e+005	9.75170000000000016297e-006	0.00000000000000000000e+000	1.90886999999999993349e+001	0.00000000000000000000e+000	4.12809999218443408608e+001
5.80315000000000000000e+005	0.00000000000000000000e+000	5.80314000000000000000e+005	9.75170000000000016297e-006	0.00000000000000000000e+000	1.92590000000000003411e+001	0.00000000000000000000e+000	4.15399999218061566353e+001
5.80317000000000000000e+005	0.00000000000000000000e+000	5.80316000000000000000e+005	9.71746000000000030106e-006	0.00000000000000000000e+000	1.95336999999999996191e+001	0.00000000000000000000e+000	4.17969999217893928289e+001
5.80319000000000000000e+005	0.00000000000000000000e+000	5.80318000000000000000e+005	9.76076000000000037777e-006	0.00000000000000000000e+000	1.93249999999999992895e+001	0.00000000000000000000e+000	4.20609999217558652163e+001
5.80321000000000000000e+005	0.00000000000000000000e+000	5.80320000000000000000e+005	9.72753000000000001999e-006	0.00000000000000000000e+000	1.91766000000000005343e+001	0.00000000000000000000e+000	4.23219999218126758933e+001
5.80323000000000000000e+005	0.00000000000000000000e+000	5.80322000000000000000e+005	9.76982000000000059257e-006	0.00000000000000000000e+000	1.92590000000000003411e+001	0.00000000000000000000e+000	4.25829999217530712485e+001
5.80325000000000000000e+005	0.00000000000000000000e+000	5.80324000000000000000e+005	9.85240000000000074043e-006	0.00000000000000000000e+000	1.96600000000000001421e+001	0.00000000000000000000e+000	4.28359999217791482806e+001
5.80328000000000000000e+005	0.00000000000000000000e+000	5.80326000000000000000e+005	9.82823000000000059745e-006	0.00000000000000000000e+000	1.91875999999999997669e+001	0.00000000000000000000e+000	4.30939999218098819256e+001
5.80328000000000000000e+005	0.00000000000000000000e+000	5.80328000000000000000e+005	9.71242000000000009182e-006	0.00000000000000000000e+000	1.84735000000000013642e+001	0.00000000000000000000e+000	4.33549999217502772808e+001
5.80331000000000000000e+005	0.00000000000000000000e+000	5.80330000000000000000e+005	9.82218999999999988957e-006	0.00000000000000000000e+000	1.97918999999999982720e+001	0.00000000000000000000e+000	4.36129999217810109258e+001
5.80333000000000000000e+005	0.00000000000000000000e+000	5.80332000000000000000e+005	9.87656999999999918934e-006	0.00000000000000000000e+000	1.99567000000000014381e+001	0.00000000000000000000e+000	4.38689999218331649899e+001
5.80335000000000000000e+005	0.00000000000000000000e+000	5.80334000000000000000e+005	9.83024999999999960572e-006	0.00000000000000000000e+000	1.98906999999999989370e+001	0.00000000000000000000e+000	4.41329999217996373773e+001
5.80337000000000000000e+005	0.00000000000000000000e+000	5.80336000000000000000e+005	9.84838000000000073487e-006	0.00000000000000000000e+000	1.91766000000000005343e+001	0.00000000000000000000e+000	4.43889999218517914414e+001
5.80339000000000000000e+005	0.00000000000000000000e+000	5.80338000000000000000e+005	9.87153999999999967965e-006	0.00000000000000000000e+000	1.99677000000000006708e+001	0.00000000000000000000e+000	4.46439999218564480543e+001
5.80341000000000000000e+005	0.00000000000000000000e+000	5.80340000000000000000e+005	9.89773000000000052496e-006	0.00000000000000000000e+000	1.99292000000000015802e+001	0.00000000000000000000e+000	4.48959999218350276351e+001
5.80343000000000000000e+005	0.00000000000000000000e+000	5.80342000000000000000e+005	9.86550000000000066583e-006	0.00000000000000000000e+000	2.01543999999999989825e+001	0.00000000000000000000e+000	4.51579999218229204416e+001
5.80346000000000000000e+005	0.00000000000000000000e+000	5.80344000000000000000e+005	9.95009000000000081647e-006	0.00000000000000000000e+000	2.01929000000000016257e+001	0.00000000000000000000e+000	4.54189999217633157969e+001
5.80346000000000000000e+005	0.00000000000000000000e+000	5.80346000000000000000e+005	9.94304999999999960993e-006	0.00000000000000000000e+000	1.97589000000000005741e+001	0.00000000000000000000e+000	4.56729999218368902802e+001
5.80350000000000000000e+005	0.00000000000000000000e+000	5.80348000000000000000e+005	9.90780000000000024389e-006	0.00000000000000000000e+000	2.02148000000000003240e+001	0.00000000000000000000e+000	4.59319999217987060547e+001
5.80351000000000000000e+005	0.00000000000000000000e+000	5.80350000000000000000e+005	9.90376000000000053329e-006	0.00000000000000000000e+000	1.98688000000000002387e+001	0.00000000000000000000e+000	4.61889999217819422483e+001
