Fext	FextSD	Fgen	R	RSD	Theta	ThetaSD	X	XSD	Y	YSD	Time	Interval	Round
1.01008818750000000000e+006	0.00000000000000000000e+000	1.01007400000000000000e+006	6.38433906719999963095e-004	0.00000000000000000000e+000	-3.14738512039999973613e-001	0.00000000000000000000e+000	6.07072347554885537700e-004	0.00000000000000000000e+000	-1.97638604740981365738e-004	0.00000000000000000000e+000	2.69955899992946069688e+003	1.00000000000000000000e+000	3.50000000000000000000e+001
1.01008943750000000000e+006	0.00000000000000000000e+000	1.01007500000000000000e+006	6.38464116489999983228e-004	0.00000000000000000000e+000	-3.14009398220000013335e-001	0.00000000000000000000e+000	6.07245019815615149662e-004	0.00000000000000000000e+000	-1.97205258435188308811e-004	0.00000000000000000000e+000	2.69982799992943182588e+003	1.00000000000000000000e+000	3.50000000000000000000e+001
1.01009012500000000000e+006	0.00000000000000000000e+000	1.01007600000000000000e+006	6.38469005929999996324e-004	0.00000000000000000000e+000	-3.15773308279999997961e-001	0.00000000000000000000e+000	6.06900870661421817757e-004	0.00000000000000000000e+000	-1.98277595112636239151e-004	0.00000000000000000000e+000	2.70009499992942437530e+003	1.00000000000000000000e+000	3.50000000000000000000e+001
1.01009137500000000000e+006	0.00000000000000000000e+000	1.01007700000000000000e+006	6.38508761770000031824e-004	0.00000000000000000000e+000	-3.15921843049999984121e-001	0.00000000000000000000e+000	6.06909201187944545054e-004	0.00000000000000000000e+000	-1.98380090660503689316e-004	0.00000000000000000000e+000	2.70036599992937408388e+003	1.00000000000000000000e+000	3.50000000000000000000e+001
1.01009237500000000000e+006	0.00000000000000000000e+000	1.01007800000000000000e+006	6.38495432209999986065e-004	0.00000000000000000000e+000	-3.15877437589999976453e-001	0.00000000000000000000e+000	6.06905339679823796484e-004	0.00000000000000000000e+000	-1.98348999546638592693e-004	0.00000000000000000000e+000	2.70063299992948304862e+003	1.00000000000000000000e+000	3.50000000000000000000e+001
1.01009337500000000000e+006	0.00000000000000000000e+000	1.01007900000000000000e+006	6.38543744570000044482e-004	0.00000000000000000000e+000	-3.14917802809999980429e-001	0.00000000000000000000e+000	6.07141339247055096366e-004	0.00000000000000000000e+000	-1.97781465023317605274e-004	0.00000000000000000000e+000	2.70090399992943275720e+003	1.00000000000000000000e+000	3.50000000000000000000e+001
1.01009418750000000000e+006	0.00000000000000000000e+000	1.01008000000000000000e+006	6.38540135700000005894e-004	0.00000000000000000000e+000	-3.17468881609999975524e-001	0.00000000000000000000e+000	6.06631379524458030049e-004	0.00000000000000000000e+000	-1.99328558606205182924e-004	0.00000000000000000000e+000	2.70117099992942530662e+003	1.00000000000000000000e+000	3.50000000000000000000e+001
1.01009531250000000000e+006	0.00000000000000000000e+000	1.01008100000000000000e+006	6.38586992859999959260e-004	0.00000000000000000000e+000	-3.20226579899999974632e-001	0.00000000000000000000e+000	6.06123860646979543271e-004	0.00000000000000000000e+000	-2.01015454640628447522e-004	0.00000000000000000000e+000	2.70144099992944393307e+003	1.00000000000000000000e+000	3.50000000000000000000e+001
1.01009612500000000000e+006	0.00000000000000000000e+000	1.01008200000000000000e+006	6.38596189670000038800e-004	0.00000000000000000000e+000	-3.21724086999999991932e-001	0.00000000000000000000e+000	6.05830884001377651532e-004	0.00000000000000000000e+000	-2.01925811750632792224e-004	0.00000000000000000000e+000	2.70171499992941971868e+003	1.00000000000000000000e+000	3.50000000000000000000e+001
1.01009725000000000000e+006	0.00000000000000000000e+000	1.01008300000000000000e+006	6.38610275930000053334e-004	0.00000000000000000000e+000	-3.22530061009999979849e-001	0.00000000000000000000e+000	6.05681300213951846409e-004	0.00000000000000000000e+000	-2.02418494941859224536e-004	0.00000000000000000000e+000	2.70198199992941226810e+003	1.00000000000000000000e+000	3.50000000000000000000e+001
1.01009837500000000000e+006	0.00000000000000000000e+000	1.01008400000000000000e+006	6.38630997859999981550e-004	0.00000000000000000000e+000	-3.25373113160000004829e-001	0.00000000000000000000e+000	6.05123001491023179352e-004	0.00000000000000000000e+000	-2.04146282097309914559e-004	0.00000000000000000000e+000	2.70225099992938339710e+003	1.00000000000000000000e+000	3.50000000000000000000e+001
1.01009925000000000000e+006	0.00000000000000000000e+000	1.01008500000000000000e+006	6.38643803539999991258e-004	0.00000000000000000000e+000	-3.25053811069999976091e-001	0.00000000000000000000e+000	6.05200290069058039789e-004	0.00000000000000000000e+000	-2.03957144273903966288e-004	0.00000000000000000000e+000	2.70252399992942810059e+003	1.00000000000000000000e+000	3.50000000000000000000e+001
1.01010031250000000000e+006	0.00000000000000000000e+000	1.01008600000000000000e+006	6.38675410300000036788e-004	0.00000000000000000000e+000	-3.30531626939999989556e-001	0.00000000000000000000e+000	6.04103871920456340222e-004	0.00000000000000000000e+000	-2.07279501284102517017e-004	0.00000000000000000000e+000	2.70279299992939922959e+003	1.00000000000000000000e+000	3.50000000000000000000e+001
1.01010137500000000000e+006	0.00000000000000000000e+000	1.01008700000000000000e+006	6.38700847049999986295e-004	0.00000000000000000000e+000	-3.30985814330000016614e-001	0.00000000000000000000e+000	6.04033721984078989312e-004	0.00000000000000000000e+000	-2.07562122576465852859e-004	0.00000000000000000000e+000	2.70306499992939643562e+003	1.00000000000000000000e+000	3.50000000000000000000e+001
1.01010250000000000000e+006	0.00000000000000000000e+000	1.01008800000000000000e+006	6.38751313090000008565e-004	0.00000000000000000000e+000	-3.33676934240000000464e-001	0.00000000000000000000e+000	6.03520643413331587569e-004	0.00000000000000000000e+000	-2.09203424800258780706e-004	0.00000000000000000000e+000	2.70333099992945790291e+003	1.00000000000000000000e+000	3.50000000000000000000e+001
1.01010325000000000000e+006	0.00000000000000000000e+000	1.01008900000000000000e+006	6.38736586549999967727e-004	0.00000000000000000000e+000	-3.39433074000000001291e-001	0.00000000000000000000e+000	6.02292561374578264838e-004	0.00000000000000000000e+000	-2.12668985774596477076e-004	0.00000000000000000000e+000	2.70360199992940761149e+003	1.00000000000000000000e+000	3.50000000000000000000e+001
1.01010425000000000000e+006	0.00000000000000000000e+000	1.01009000000000000000e+006	6.38774072289999988485e-004	0.00000000000000000000e+000	-3.38659554719999977834e-001	0.00000000000000000000e+000	6.02492241314899856612e-004	0.00000000000000000000e+000	-2.12215490917365976267e-004	0.00000000000000000000e+000	2.70386999992944765836e+003	1.00000000000000000000e+000	3.50000000000000000000e+001
1.01010525000000000000e+006	0.00000000000000000000e+000	1.01009100000000000000e+006	6.38803176119999947813e-004	0.00000000000000000000e+000	-3.44210773709999973136e-001	0.00000000000000000000e+000	6.01332306175565581632e-004	0.00000000000000000000e+000	-2.15566591499182766195e-004	0.00000000000000000000e+000	2.70413499992946162820e+003	1.00000000000000000000e+000	3.50000000000000000000e+001
1.01010625000000000000e+006	0.00000000000000000000e+000	1.01009200000000000000e+006	6.38807367069999963369e-004	0.00000000000000000000e+000	-3.47289502620000023470e-001	0.00000000000000000000e+000	6.00669726988061944938e-004	0.00000000000000000000e+000	-2.17418332490599273184e-004	0.00000000000000000000e+000	2.70439999992947559804e+003	1.00000000000000000000e+000	3.50000000000000000000e+001
1.01010731250000000000e+006	0.00000000000000000000e+000	1.01009300000000000000e+006	6.38839905149999969479e-004	0.00000000000000000000e+000	-3.52364301679999991634e-001	0.00000000000000000000e+000	5.99589181611612015085e-004	0.00000000000000000000e+000	-2.20475027398520469950e-004	0.00000000000000000000e+000	2.70467499992938246578e+003	1.00000000000000000000e+000	3.50000000000000000000e+001
1.01010831250000000000e+006	0.00000000000000000000e+000	1.01009400000000000000e+006	6.38860918120000048810e-004	0.00000000000000000000e+000	-3.55837494129999987180e-001	0.00000000000000000000e+000	5.98839511126004683805e-004	0.00000000000000000000e+000	-2.22563502433568576088e-004	0.00000000000000000000e+000	2.70494099992944393307e+003	1.00000000000000000000e+000	3.50000000000000000000e+001
1.01010918750000000000e+006	0.00000000000000000000e+000	1.01009500000000000000e+006	6.38844911010000033463e-004	0.00000000000000000000e+000	-3.55499386789999982650e-001	0.00000000000000000000e+000	5.98899721019650194132e-004	0.00000000000000000000e+000	-2.22355446270065397777e-004	0.00000000000000000000e+000	2.70521399992937222123e+003	1.00000000000000000000e+000	3.50000000000000000000e+001
1.01011006250000000000e+006	0.00000000000000000000e+000	1.01009600000000000000e+006	6.38889323449999980281e-004	0.00000000000000000000e+000	-3.62548112869999994423e-001	0.00000000000000000000e+000	5.97359058858796306696e-004	0.00000000000000000000e+000	-2.26587118825699948424e-004	0.00000000000000000000e+000	2.70547899992938619107e+003	1.00000000000000000000e+000	3.50000000000000000000e+001
1.01011150000000000000e+006	0.00000000000000000000e+000	1.01009700000000000000e+006	6.38907600660000010370e-004	0.00000000000000000000e+000	-3.66104930639999992525e-001	0.00000000000000000000e+000	5.96566418847917050161e-004	0.00000000000000000000e+000	-2.28716921289373739060e-004	0.00000000000000000000e+000	2.70574699992942623794e+003	1.00000000000000000000e+000	3.50000000000000000000e+001
1.01011218750000000000e+006	0.00000000000000000000e+000	1.01009800000000000000e+006	6.38924713709999978102e-004	0.00000000000000000000e+000	-3.66895556449999993287e-001	0.00000000000000000000e+000	5.96401377010935258675e-004	0.00000000000000000000e+000	-2.29194649346064848296e-004	0.00000000000000000000e+000	2.70601599992939736694e+003	1.00000000000000000000e+000	3.50000000000000000000e+001
1.01011331250000000000e+006	0.00000000000000000000e+000	1.01009900000000000000e+006	6.38953701130000025279e-004	0.00000000000000000000e+000	-3.73633503909999997727e-001	0.00000000000000000000e+000	5.94870536448309007206e-004	0.00000000000000000000e+000	-2.33218517818432517037e-004	0.00000000000000000000e+000	2.70628599992941599339e+003	1.00000000000000000000e+000	3.50000000000000000000e+001
1.01011425000000000000e+006	0.00000000000000000000e+000	1.01010000000000000000e+006	6.38962315860000019431e-004	0.00000000000000000000e+000	-3.75952363010000012444e-001	0.00000000000000000000e+000	5.94336149773194710733e-004	0.00000000000000000000e+000	-2.34600473490462234968e-004	0.00000000000000000000e+000	2.70655999992939177901e+003	1.00000000000000000000e+000	3.50000000000000000000e+001
1.01011525000000000000e+006	0.00000000000000000000e+000	1.01010100000000000000e+006	6.38981931839999964945e-004	0.00000000000000000000e+000	-3.80362957720000005590e-001	0.00000000000000000000e+000	5.93313858641600138863e-004	0.00000000000000000000e+000	-2.37226841571087010072e-004	0.00000000000000000000e+000	2.70682499992940574884e+003	1.00000000000000000000e+000	3.50000000000000000000e+001
1.01011606250000000000e+006	0.00000000000000000000e+000	1.01010200000000000000e+006	6.38952944429999948085e-004	0.00000000000000000000e+000	-3.88048619029999986019e-001	0.00000000000000000000e+000	5.91446276003113622158e-004	0.00000000000000000000e+000	-2.41768831319952065724e-004	0.00000000000000000000e+000	2.70709299992944579571e+003	1.00000000000000000000e+000	3.50000000000000000000e+001
1.01011725000000000000e+006	0.00000000000000000000e+000	1.01010300000000000000e+006	6.38976518529999946115e-004	0.00000000000000000000e+000	-3.91333967449999986510e-001	0.00000000000000000000e+000	5.90670582618427848429e-004	0.00000000000000000000e+000	-2.43719621823780091237e-004	0.00000000000000000000e+000	2.70736199992941692472e+003	1.00000000000000000000e+000	3.50000000000000000000e+001
1.01011787500000000000e+006	0.00000000000000000000e+000	1.01010400000000000000e+006	6.39000441879999958074e-004	0.00000000000000000000e+000	-4.00769889350000019235e-001	0.00000000000000000000e+000	5.88366629651733744587e-004	0.00000000000000000000e+000	-2.49291543849956451998e-004	0.00000000000000000000e+000	2.70763099992938805372e+003	1.00000000000000000000e+000	3.50000000000000000000e+001
1.01011937500000000000e+006	0.00000000000000000000e+000	1.01010500000000000000e+006	6.39009696900000008848e-004	0.00000000000000000000e+000	-4.03821289540000016860e-001	0.00000000000000000000e+000	5.87611714020030853969e-004	0.00000000000000000000e+000	-2.51089359150624517880e-004	0.00000000000000000000e+000	2.70790099992940668017e+003	1.00000000000000000000e+000	3.50000000000000000000e+001
1.01012037500000000000e+006	0.00000000000000000000e+000	1.01010600000000000000e+006	6.39015692290000004647e-004	0.00000000000000000000e+000	-4.09565448760000005990e-001	0.00000000000000000000e+000	5.86165230024240577200e-004	0.00000000000000000000e+000	-2.54462920881406886708e-004	0.00000000000000000000e+000	2.70816899992944672704e+003	1.00000000000000000000e+000	3.50000000000000000000e+001
1.01012137500000000000e+006	0.00000000000000000000e+000	1.01010700000000000000e+006	6.39001256790000006502e-004	0.00000000000000000000e+000	-4.20937716959999985722e-001	0.00000000000000000000e+000	5.83220392924413454441e-004	0.00000000000000000000e+000	-2.61106452345192705747e-004	0.00000000000000000000e+000	2.70844099992944393307e+003	1.00000000000000000000e+000	3.50000000000000000000e+001
1.01012231250000000000e+006	0.00000000000000000000e+000	1.01010800000000000000e+006	6.39008707369999968614e-004	0.00000000000000000000e+000	-4.28111106159999976750e-001	0.00000000000000000000e+000	5.81339163488248382612e-004	0.00000000000000000000e+000	-2.65286458548984205048e-004	0.00000000000000000000e+000	2.70870999992941506207e+003	1.00000000000000000000e+000	3.50000000000000000000e+001
1.01012343750000000000e+006	0.00000000000000000000e+000	1.01010900000000000000e+006	6.39000732920000000768e-004	0.00000000000000000000e+000	-4.35661911959999981203e-001	0.00000000000000000000e+000	5.79312254078032822825e-004	0.00000000000000000000e+000	-2.69665068088779176676e-004	0.00000000000000000000e+000	2.70898199992941226810e+003	1.00000000000000000000e+000	3.50000000000000000000e+001
1.01012425000000000000e+006	0.00000000000000000000e+000	1.01011000000000000000e+006	6.39006146230000019598e-004	0.00000000000000000000e+000	-4.41882491109999997470e-001	0.00000000000000000000e+000	5.77628476965534403374e-004	0.00000000000000000000e+000	-2.73265800125433485756e-004	0.00000000000000000000e+000	2.70925099992938339710e+003	1.00000000000000000000e+000	3.50000000000000000000e+001
1.01012543750000000000e+006	0.00000000000000000000e+000	1.01011100000000000000e+006	6.39006379059999982638e-004	0.00000000000000000000e+000	-4.52710032460000022514e-001	0.00000000000000000000e+000	5.74636088408744089527e-004	0.00000000000000000000e+000	-2.79504057891241414636e-004	0.00000000000000000000e+000	2.70952699992945417762e+003	1.00000000000000000000e+000	3.50000000000000000000e+001
1.01012625000000000000e+006	0.00000000000000000000e+000	1.01011200000000000000e+006	6.39012840110000012936e-004	0.00000000000000000000e+000	-4.58145141600000027626e-001	0.00000000000000000000e+000	5.73114268106458043389e-004	0.00000000000000000000e+000	-2.82625981675866733752e-004	0.00000000000000000000e+000	2.70979799992940388620e+003	1.00000000000000000000e+000	3.50000000000000000000e+001
1.01012731250000000000e+006	0.00000000000000000000e+000	1.01011300000000000000e+006	6.38958183119999975109e-004	0.00000000000000000000e+000	-4.65639561410000013542e-001	0.00000000000000000000e+000	5.70931237480503468891e-004	0.00000000000000000000e+000	-2.86888622717932620289e-004	0.00000000000000000000e+000	2.71006599992944393307e+003	1.00000000000000000000e+000	3.50000000000000000000e+001
1.01012812500000000000e+006	0.00000000000000000000e+000	1.01011400000000000000e+006	6.38953351880000011351e-004	0.00000000000000000000e+000	-4.76895749570000027084e-001	0.00000000000000000000e+000	5.67661572546225502885e-004	0.00000000000000000000e+000	-2.93294604336720465300e-004	0.00000000000000000000e+000	2.71033699992939364165e+003	1.00000000000000000000e+000	3.50000000000000000000e+001
1.01012912500000000000e+006	0.00000000000000000000e+000	1.01011500000000000000e+006	6.38950616119999962109e-004	0.00000000000000000000e+000	-4.85426634550000013490e-001	0.00000000000000000000e+000	5.65136464702023434865e-004	0.00000000000000000000e+000	-2.98125252375953790109e-004	0.00000000000000000000e+000	2.71060699992941226810e+003	1.00000000000000000000e+000	3.50000000000000000000e+001
1.01013012500000000000e+006	0.00000000000000000000e+000	1.01011600000000000000e+006	6.38881465419999954904e-004	0.00000000000000000000e+000	-4.92116838690000002465e-001	0.00000000000000000000e+000	5.63068368498795615573e-004	0.00000000000000000000e+000	-3.01866757449890704863e-004	0.00000000000000000000e+000	2.71087599992938339710e+003	1.00000000000000000000e+000	3.50000000000000000000e+001
1.01013118750000000000e+006	0.00000000000000000000e+000	1.01011700000000000000e+006	6.38859637549999965882e-004	0.00000000000000000000e+000	-4.98651623729999993184e-001	0.00000000000000000000e+000	5.61064555888146610473e-004	0.00000000000000000000e+000	-3.05529377665314137106e-004	0.00000000000000000000e+000	2.71114599992940202355e+003	1.00000000000000000000e+000	3.50000000000000000000e+001
1.01013243750000000000e+006	0.00000000000000000000e+000	1.01011800000000000000e+006	6.38807076030000029095e-004	0.00000000000000000000e+000	-5.05997478960000024450e-001	0.00000000000000000000e+000	5.58759088484610082215e-004	0.00000000000000000000e+000	-3.09617120685930311691e-004	0.00000000000000000000e+000	2.71141899992944672704e+003	1.00000000000000000000e+000	3.50000000000000000000e+001
1.01013331250000000000e+006	0.00000000000000000000e+000	1.01011900000000000000e+006	6.38743978929999988922e-004	0.00000000000000000000e+000	-5.13768494130000030751e-001	0.00000000000000000000e+000	5.56281250905532403082e-004	0.00000000000000000000e+000	-3.13918843827993860468e-004	0.00000000000000000000e+000	2.71168799992941785604e+003	1.00000000000000000000e+000	3.50000000000000000000e+001
1.01013443750000000000e+006	0.00000000000000000000e+000	1.01012000000000000000e+006	6.38697296379999997044e-004	0.00000000000000000000e+000	-5.22244811059999980429e-001	0.00000000000000000000e+000	5.53559963603764181375e-004	0.00000000000000000000e+000	-3.18599439889841705431e-004	0.00000000000000000000e+000	2.71195799992943648249e+003	1.00000000000000000000e+000	3.50000000000000000000e+001
1.01013525000000000000e+006	0.00000000000000000000e+000	1.01012100000000000000e+006	6.38642581179999987984e-004	0.00000000000000000000e+000	-5.30061900620000026052e-001	0.00000000000000000000e+000	5.51005348586267517871e-004	0.00000000000000000000e+000	-3.22889226090897337937e-004	0.00000000000000000000e+000	2.71222699992940761149e+003	1.00000000000000000000e+000	3.50000000000000000000e+001
1.01013637500000000000e+006	0.00000000000000000000e+000	1.01012200000000000000e+006	6.38544326650000021450e-004	0.00000000000000000000e+000	-5.39234876630000026232e-001	0.00000000000000000000e+000	5.47936041014605076244e-004	0.00000000000000000000e+000	-3.27879477939902440071e-004	0.00000000000000000000e+000	2.71249799992947373539e+003	1.00000000000000000000e+000	3.50000000000000000000e+001
1.01013712500000000000e+006	0.00000000000000000000e+000	1.01012300000000000000e+006	6.38476398310000017519e-004	0.00000000000000000000e+000	-5.45964300630000010095e-001	0.00000000000000000000e+000	5.45659157612174709924e-004	0.00000000000000000000e+000	-3.31524048770042724897e-004	0.00000000000000000000e+000	2.71276699992944486439e+003	1.00000000000000000000e+000	3.50000000000000000000e+001
1.01013793750000000000e+006	0.00000000000000000000e+000	1.01012400000000000000e+006	6.38391647949999949813e-004	0.00000000000000000000e+000	-5.51725566390000032868e-001	0.00000000000000000000e+000	5.43667939029624631107e-004	0.00000000000000000000e+000	-3.34617794272206868673e-004	0.00000000000000000000e+000	2.71303899992944207042e+003	1.00000000000000000000e+000	3.50000000000000000000e+001
1.01013912500000000000e+006	0.00000000000000000000e+000	1.01012500000000000000e+006	6.38322962909999977107e-004	0.00000000000000000000e+000	-5.56890904900000038857e-001	0.00000000000000000000e+000	5.41873972922530091137e-004	0.00000000000000000000e+000	-3.37385243375216894047e-004	0.00000000000000000000e+000	2.71330699992948211730e+003	1.00000000000000000000e+000	3.50000000000000000000e+001
1.01014025000000000000e+006	0.00000000000000000000e+000	1.01012600000000000000e+006	6.38236640950000030936e-004	0.00000000000000000000e+000	-5.67013263700000047507e-001	0.00000000000000000000e+000	5.38358322860432465112e-004	0.00000000000000000000e+000	-3.42806543196073865935e-004	0.00000000000000000000e+000	2.71357399992947466671e+003	1.00000000000000000000e+000	3.50000000000000000000e+001
1.01014112500000000000e+006	0.00000000000000000000e+000	1.01012700000000000000e+006	6.38138910289999961717e-004	0.00000000000000000000e+000	-5.72057366370000042188e-001	0.00000000000000000000e+000	5.36540159228489940517e-004	0.00000000000000000000e+000	-3.45464797571583617786e-004	0.00000000000000000000e+000	2.71384199992939829826e+003	1.00000000000000000000e+000	3.50000000000000000000e+001
1.01014243750000000000e+006	0.00000000000000000000e+000	1.01012800000000000000e+006	6.38015219010000045677e-004	0.00000000000000000000e+000	-5.77468574049999960884e-001	0.00000000000000000000e+000	5.34559296944539367492e-004	0.00000000000000000000e+000	-3.48295532182854843811e-004	0.00000000000000000000e+000	2.71411399992939550430e+003	1.00000000000000000000e+000	3.50000000000000000000e+001
1.01014331250000000000e+006	0.00000000000000000000e+000	1.01012900000000000000e+006	6.37933146209999977876e-004	0.00000000000000000000e+000	-5.80658257009999956288e-001	0.00000000000000000000e+000	5.33377005972876408295e-004	0.00000000000000000000e+000	-3.49953809141720058665e-004	0.00000000000000000000e+000	2.71438599992939271033e+003	1.00000000000000000000e+000	3.50000000000000000000e+001
1.01014425000000000000e+006	0.00000000000000000000e+000	1.01013000000000000000e+006	6.37837860270000023624e-004	0.00000000000000000000e+000	-5.85227668289999947149e-001	0.00000000000000000000e+000	5.31692931277935360197e-004	0.00000000000000000000e+000	-3.52334731218608061300e-004	0.00000000000000000000e+000	2.71465999992948491126e+003	1.00000000000000000000e+000	3.50000000000000000000e+001
1.01014493750000000000e+006	0.00000000000000000000e+000	1.01013100000000000000e+006	6.37733261100000047364e-004	0.00000000000000000000e+000	-5.90025901790000029123e-001	0.00000000000000000000e+000	5.29909318673151409455e-004	0.00000000000000000000e+000	-3.54823655210017305586e-004	0.00000000000000000000e+000	2.71492999992938712239e+003	1.00000000000000000000e+000	3.50000000000000000000e+001
1.01014618750000000000e+006	0.00000000000000000000e+000	1.01013200000000000000e+006	6.37607707179999993324e-004	0.00000000000000000000e+000	-5.89716792110000054272e-001	0.00000000000000000000e+000	5.29914625143452990182e-004	0.00000000000000000000e+000	-3.54590014403127621375e-004	0.00000000000000000000e+000	2.71520099992945324630e+003	1.00000000000000000000e+000	3.50000000000000000000e+001
1.01014743750000000000e+006	0.00000000000000000000e+000	1.01013300000000000000e+006	6.37509394439999947136e-004	0.00000000000000000000e+000	-5.95377326010000040846e-001	0.00000000000000000000e+000	5.27817580670266513904e-004	0.00000000000000000000e+000	-3.57528781407374484768e-004	0.00000000000000000000e+000	2.71546799992944579571e+003	1.00000000000000000000e+000	3.50000000000000000000e+001
1.01014825000000000000e+006	0.00000000000000000000e+000	1.01013400000000000000e+006	6.37420045680000017449e-004	0.00000000000000000000e+000	-5.95592498779999979241e-001	0.00000000000000000000e+000	5.27666673638121940838e-004	0.00000000000000000000e+000	-3.57592220505945968846e-004	0.00000000000000000000e+000	2.71574299992946907878e+003	1.00000000000000000000e+000	3.50000000000000000000e+001
1.01014937500000000000e+006	0.00000000000000000000e+000	1.01013500000000000000e+006	6.37325225399999989277e-004	0.00000000000000000000e+000	-5.97916424270000024244e-001	0.00000000000000000000e+000	5.26755861906486239944e-004	0.00000000000000000000e+000	-3.58764135440424849002e-004	0.00000000000000000000e+000	2.71600699992943555117e+003	1.00000000000000000000e+000	3.50000000000000000000e+001
1.01015037500000000000e+006	0.00000000000000000000e+000	1.01013600000000000000e+006	6.37218880000000004009e-004	0.00000000000000000000e+000	-5.98141849040000006532e-001	0.00000000000000000000e+000	5.26587092129410998080e-004	0.00000000000000000000e+000	-3.58822986207887233492e-004	0.00000000000000000000e+000	2.71627599992940668017e+003	1.00000000000000000000e+000	3.50000000000000000000e+001
1.01015131250000000000e+006	0.00000000000000000000e+000	1.01013700000000000000e+006	6.37099670710000037799e-004	0.00000000000000000000e+000	-5.98548233509999971780e-001	0.00000000000000000000e+000	5.26342743273596706116e-004	0.00000000000000000000e+000	-3.58969785667283020503e-004	0.00000000000000000000e+000	2.71654399992944672704e+003	1.00000000000000000000e+000	3.50000000000000000000e+001
1.01015231250000000000e+006	0.00000000000000000000e+000	1.01013800000000000000e+006	6.36987853799999984364e-004	0.00000000000000000000e+000	-5.98182797430000023908e-001	0.00000000000000000000e+000	5.26381487579473460008e-004	0.00000000000000000000e+000	-3.58714448304428893104e-004	0.00000000000000000000e+000	2.71681299992941785604e+003	1.00000000000000000000e+000	3.50000000000000000000e+001
1.01015331250000000000e+006	0.00000000000000000000e+000	1.01013900000000000000e+006	6.36914162899999947674e-004	0.00000000000000000000e+000	-5.98913609979999983501e-001	0.00000000000000000000e+000	5.26058329123397301792e-004	0.00000000000000000000e+000	-3.59057495761482513286e-004	0.00000000000000000000e+000	2.71706099992943927646e+003	1.00000000000000000000e+000	3.50000000000000000000e+001
1.01015418750000000000e+006	0.00000000000000000000e+000	1.01014000000000000000e+006	6.36796641630000019238e-004	0.00000000000000000000e+000	-6.00619494919999996618e-001	0.00000000000000000000e+000	5.25348099856853064001e-004	0.00000000000000000000e+000	-3.59887950295700561124e-004	0.00000000000000000000e+000	2.71732999992941040546e+003	1.00000000000000000000e+000	3.50000000000000000000e+001
1.01015518750000000000e+006	0.00000000000000000000e+000	1.01014100000000000000e+006	6.36695243880000018299e-004	0.00000000000000000000e+000	-5.95300495619999980867e-001	0.00000000000000000000e+000	5.27170947782192771472e-004	0.00000000000000000000e+000	-3.57031686820423997415e-004	0.00000000000000000000e+000	2.71759699992940295488e+003	1.00000000000000000000e+000	3.50000000000000000000e+001
1.01015625000000000000e+006	0.00000000000000000000e+000	1.01014200000000000000e+006	6.36610668149999972716e-004	0.00000000000000000000e+000	-5.95297038560000046914e-001	0.00000000000000000000e+000	5.27102154879500496565e-004	0.00000000000000000000e+000	-3.56982438116746161362e-004	0.00000000000000000000e+000	2.71786599992937408388e+003	1.00000000000000000000e+000	3.50000000000000000000e+001
1.01015718750000000000e+006	0.00000000000000000000e+000	1.01014300000000000000e+006	6.36489130560000050847e-004	0.00000000000000000000e+000	-5.92496693129999973948e-001	0.00000000000000000000e+000	5.27998939573517955814e-004	0.00000000000000000000e+000	-3.55437101510612258725e-004	0.00000000000000000000e+000	2.71813399992941413075e+003	1.00000000000000000000e+000	3.50000000000000000000e+001
1.01015793750000000000e+006	0.00000000000000000000e+000	1.01014400000000000000e+006	6.36373413729999994233e-004	0.00000000000000000000e+000	-5.87609648699999986832e-001	0.00000000000000000000e+000	5.29633356987824991530e-004	0.00000000000000000000e+000	-3.52788362716488881118e-004	0.00000000000000000000e+000	2.71840299992938525975e+003	1.00000000000000000000e+000	3.50000000000000000000e+001
1.01015937500000000000e+006	0.00000000000000000000e+000	1.01014500000000000000e+006	6.36330747510000026106e-004	0.00000000000000000000e+000	-5.86829304700000053963e-001	0.00000000000000000000e+000	5.29872963800514249280e-004	0.00000000000000000000e+000	-3.52351333841514370842e-004	0.00000000000000000000e+000	2.71866899992944672704e+003	1.00000000000000000000e+000	3.50000000000000000000e+001
1.01016062500000000000e+006	0.00000000000000000000e+000	1.01014600000000000000e+006	6.36208220389999955582e-004	0.00000000000000000000e+000	-5.81510305400000038212e-001	0.00000000000000000000e+000	5.31637228132453526323e-004	0.00000000000000000000e+000	-3.49460666392445733121e-004	0.00000000000000000000e+000	2.71894099992944393307e+003	1.00000000000000000000e+000	3.50000000000000000000e+001
1.01016150000000000000e+006	0.00000000000000000000e+000	1.01014700000000000000e+006	6.36149023189999966374e-004	0.00000000000000000000e+000	-5.79452753069999992874e-001	0.00000000000000000000e+000	5.32305601892181447406e-004	0.00000000000000000000e+000	-3.48333641642310451198e-004	0.00000000000000000000e+000	2.71921699992939829826e+003	1.00000000000000000000e+000	3.50000000000000000000e+001
1.01016206250000000000e+006	0.00000000000000000000e+000	1.01014800000000000000e+006	6.36072130869999954363e-004	0.00000000000000000000e+000	-5.78388929369999971186e-001	0.00000000000000000000e+000	5.32611480836241266319e-004	0.00000000000000000000e+000	-3.47725130168828253357e-004	0.00000000000000000000e+000	2.71948699992941692472e+003	1.00000000000000000000e+000	3.50000000000000000000e+001
1.01016312500000000000e+006	0.00000000000000000000e+000	1.01014900000000000000e+006	6.36003038380000026812e-004	0.00000000000000000000e+000	-5.74275434020000030699e-001	0.00000000000000000000e+000	5.33979327300870723443e-004	0.00000000000000000000e+000	-3.45493766722210779788e-004	0.00000000000000000000e+000	2.71975599992938805372e+003	1.00000000000000000000e+000	3.50000000000000000000e+001
1.01016412500000000000e+006	0.00000000000000000000e+000	1.01015000000000000000e+006	6.35923177470000002519e-004	0.00000000000000000000e+000	-5.71169435980000028685e-001	0.00000000000000000000e+000	5.34982668296151418243e-004	0.00000000000000000000e+000	-3.43790390014426041915e-004	0.00000000000000000000e+000	2.72002199992944952101e+003	1.00000000000000000000e+000	3.50000000000000000000e+001
1.01016506250000000000e+006	0.00000000000000000000e+000	1.01015100000000000000e+006	6.35836098809999979153e-004	0.00000000000000000000e+000	-5.67347943779999974723e-001	0.00000000000000000000e+000	5.36219115034319089748e-004	0.00000000000000000000e+000	-3.41696656731861657733e-004	0.00000000000000000000e+000	2.72028999992937315255e+003	1.00000000000000000000e+000	3.50000000000000000000e+001
1.01016625000000000000e+006	0.00000000000000000000e+000	1.01015200000000000000e+006	6.35787378999999965891e-004	0.00000000000000000000e+000	-5.64159989360000002634e-001	0.00000000000000000000e+000	5.37264531653286361683e-004	0.00000000000000000000e+000	-3.39959430407606665817e-004	0.00000000000000000000e+000	2.72056199992937035859e+003	1.00000000000000000000e+000	3.50000000000000000000e+001
1.01016725000000000000e+006	0.00000000000000000000e+000	1.01015300000000000000e+006	6.35720614809999993999e-004	0.00000000000000000000e+000	-5.62095522879999975885e-001	0.00000000000000000000e+000	5.37908729226213946396e-004	0.00000000000000000000e+000	-3.38813959447724051890e-004	0.00000000000000000000e+000	2.72082799992943182588e+003	1.00000000000000000000e+000	3.50000000000000000000e+001
1.01016843750000000000e+006	0.00000000000000000000e+000	1.01015400000000000000e+006	6.35673059150000012776e-004	0.00000000000000000000e+000	-5.57688355449999950686e-001	0.00000000000000000000e+000	5.39356360251071220192e-004	0.00000000000000000000e+000	-3.36414855180082884422e-004	0.00000000000000000000e+000	2.72109699992940295488e+003	1.00000000000000000000e+000	3.50000000000000000000e+001
1.01016918750000000000e+006	0.00000000000000000000e+000	1.01015500000000000000e+006	6.35609147140000032596e-004	0.00000000000000000000e+000	-5.56385517119999950530e-001	0.00000000000000000000e+000	5.39739924414961154235e-004	0.00000000000000000000e+000	-3.35678122493215502081e-004	0.00000000000000000000e+000	2.72136399992939550430e+003	1.00000000000000000000e+000	3.50000000000000000000e+001
1.01017018750000000000e+006	0.00000000000000000000e+000	1.01015600000000000000e+006	6.35548552960000048308e-004	0.00000000000000000000e+000	-5.51109194759999976299e-001	0.00000000000000000000e+000	5.41451926269741982273e-004	0.00000000000000000000e+000	-3.32793892234121285734e-004	0.00000000000000000000e+000	2.72163399992941413075e+003	1.00000000000000000000e+000	3.50000000000000000000e+001
1.01017118750000000000e+006	0.00000000000000000000e+000	1.01015700000000000000e+006	6.35491276630000012128e-004	0.00000000000000000000e+000	-5.49671411509999985334e-001	0.00000000000000000000e+000	5.41881012628255887865e-004	0.00000000000000000000e+000	-3.31985136453129747389e-004	0.00000000000000000000e+000	2.72190399992943275720e+003	1.00000000000000000000e+000	3.50000000000000000000e+001
1.01017243750000000000e+006	0.00000000000000000000e+000	1.01015800000000000000e+006	6.35443080679999974282e-004	0.00000000000000000000e+000	-5.44436097149999964628e-001	0.00000000000000000000e+000	5.43570397425460543825e-004	0.00000000000000000000e+000	-3.29118719958035451864e-004	0.00000000000000000000e+000	2.72217299992940388620e+003	1.00000000000000000000e+000	3.50000000000000000000e+001
1.01017312500000000000e+006	0.00000000000000000000e+000	1.01015900000000000000e+006	6.35365373450000022262e-004	0.00000000000000000000e+000	-5.39400517939999990524e-001	0.00000000000000000000e+000	5.45154128042421018061e-004	0.00000000000000000000e+000	-3.26337454880014680384e-004	0.00000000000000000000e+000	2.72243999992939643562e+003	1.00000000000000000000e+000	3.50000000000000000000e+001
1.01017412500000000000e+006	0.00000000000000000000e+000	1.01016000000000000000e+006	6.35349832009999963313e-004	0.00000000000000000000e+000	-5.37949085239999957864e-001	0.00000000000000000000e+000	5.45613864115496085411e-004	0.00000000000000000000e+000	-3.25537893831259208220e-004	0.00000000000000000000e+000	2.72271199992939364165e+003	1.00000000000000000000e+000	3.50000000000000000000e+001
1.01017506250000000000e+006	0.00000000000000000000e+000	1.01016100000000000000e+006	6.35304371830000005027e-004	0.00000000000000000000e+000	-5.33401906489999966254e-001	0.00000000000000000000e+000	5.47049352276777599985e-004	0.00000000000000000000e+000	-3.23030418134065161907e-004	0.00000000000000000000e+000	2.72298199992941226810e+003	1.00000000000000000000e+000	3.50000000000000000000e+001
1.01017631250000000000e+006	0.00000000000000000000e+000	1.01016200000000000000e+006	6.35248317850000050223e-004	0.00000000000000000000e+000	-5.23409306999999990317e-001	0.00000000000000000000e+000	5.50201350898668790912e-004	0.00000000000000000000e+000	-3.17519918746107343392e-004	0.00000000000000000000e+000	2.72324999992945231497e+003	1.00000000000000000000e+000	3.50000000000000000000e+001
1.01017731250000000000e+006	0.00000000000000000000e+000	1.01016300000000000000e+006	6.35237258390000019206e-004	0.00000000000000000000e+000	-5.22190153599999984380e-001	0.00000000000000000000e+000	5.50578461846459106706e-004	0.00000000000000000000e+000	-3.16843386861128664331e-004	0.00000000000000000000e+000	2.72351999992947094142e+003	1.00000000000000000000e+000	3.50000000000000000000e+001
1.01017825000000000000e+006	0.00000000000000000000e+000	1.01016400000000000000e+006	6.35168689769999988970e-004	0.00000000000000000000e+000	-5.17909348009999992435e-001	0.00000000000000000000e+000	5.51870181633662307101e-004	0.00000000000000000000e+000	-3.14449625675984937266e-004	0.00000000000000000000e+000	2.72379199992946814746e+003	1.00000000000000000000e+000	3.50000000000000000000e+001
1.01017912500000000000e+006	0.00000000000000000000e+000	1.01016500000000000000e+006	6.35150994640000044270e-004	0.00000000000000000000e+000	-5.13386011120000040897e-001	0.00000000000000000000e+000	5.53271478604239284188e-004	0.00000000000000000000e+000	-3.11941431931156247515e-004	0.00000000000000000000e+000	2.72406399992946535349e+003	1.00000000000000000000e+000	3.50000000000000000000e+001
1.01018025000000000000e+006	0.00000000000000000000e+000	1.01016600000000000000e+006	6.35107746350000021071e-004	0.00000000000000000000e+000	-5.08613407609999956804e-001	0.00000000000000000000e+000	5.54716170653057460277e-004	0.00000000000000000000e+000	-3.09276283425974894171e-004	0.00000000000000000000e+000	2.72433399992948397994e+003	1.00000000000000000000e+000	3.50000000000000000000e+001
1.01018125000000000000e+006	0.00000000000000000000e+000	1.01016700000000000000e+006	6.35070784480000006048e-004	0.00000000000000000000e+000	-5.02940952779999950195e-001	0.00000000000000000000e+000	5.56429207699116797764e-004	0.00000000000000000000e+000	-3.06106906356873559143e-004	0.00000000000000000000e+000	2.72460199992940761149e+003	1.00000000000000000000e+000	3.50000000000000000000e+001
1.01018218750000000000e+006	0.00000000000000000000e+000	1.01016800000000000000e+006	6.35060190690000039848e-004	0.00000000000000000000e+000	-4.98731881380000019455e-001	0.00000000000000000000e+000	5.57703397439959953907e-004	0.00000000000000000000e+000	-3.03757084334086466075e-004	0.00000000000000000000e+000	2.72487199992942623794e+003	1.00000000000000000000e+000	3.50000000000000000000e+001
1.01018312500000000000e+006	0.00000000000000000000e+000	1.01016900000000000000e+006	6.35016360320000039681e-004	0.00000000000000000000e+000	-4.95289415120000020565e-001	0.00000000000000000000e+000	5.58707201012631103285e-004	0.00000000000000000000e+000	-3.01814581176409644451e-004	0.00000000000000000000e+000	2.72514099992939736694e+003	1.00000000000000000000e+000	3.50000000000000000000e+001
1.01018431250000000000e+006	0.00000000000000000000e+000	1.01017000000000000000e+006	6.35009899270000009383e-004	0.00000000000000000000e+000	-4.87701117989999988200e-001	0.00000000000000000000e+000	5.60975644248569438322e-004	0.00000000000000000000e+000	-2.97563268450254305320e-004	0.00000000000000000000e+000	2.72541299992939457297e+003	1.00000000000000000000e+000	3.50000000000000000000e+001
1.01018537500000000000e+006	0.00000000000000000000e+000	1.01017100000000000000e+006	6.34963565970000031434e-004	0.00000000000000000000e+000	-4.84313309189999985360e-001	0.00000000000000000000e+000	5.61939505820948075748e-004	0.00000000000000000000e+000	-2.95639513440012395920e-004	0.00000000000000000000e+000	2.72568299992941319942e+003	1.00000000000000000000e+000	3.50000000000000000000e+001
1.01018637500000000000e+006	0.00000000000000000000e+000	1.01017200000000000000e+006	6.34946161880000021008e-004	0.00000000000000000000e+000	-4.77599263190000011825e-001	0.00000000000000000000e+000	5.63896305988174505359e-004	0.00000000000000000000e+000	-2.91851990877283905181e-004	0.00000000000000000000e+000	2.72595299992943182588e+003	1.00000000000000000000e+000	3.50000000000000000000e+001
1.01018718750000000000e+006	0.00000000000000000000e+000	1.01017300000000000000e+006	6.34940399319999988249e-004	0.00000000000000000000e+000	-4.74742531779999976660e-001	0.00000000000000000000e+000	5.64722621369367233125e-004	0.00000000000000000000e+000	-2.90237267769580806805e-004	0.00000000000000000000e+000	2.72622099992947187275e+003	1.00000000000000000000e+000	3.50000000000000000000e+001
1.01018818750000000000e+006	0.00000000000000000000e+000	1.01017400000000000000e+006	6.34927768259999970347e-004	0.00000000000000000000e+000	-4.67963576320000018693e-001	0.00000000000000000000e+000	5.66665863083894443160e-004	0.00000000000000000000e+000	-2.86396701313072407896e-004	0.00000000000000000000e+000	2.72649099992937408388e+003	1.00000000000000000000e+000	3.50000000000000000000e+001
1.01018906250000000000e+006	0.00000000000000000000e+000	1.01017500000000000000e+006	6.34902738970000006004e-004	0.00000000000000000000e+000	-4.65791583060000013994e-001	0.00000000000000000000e+000	5.67264214833984093712e-004	0.00000000000000000000e+000	-2.85153990889819915645e-004	0.00000000000000000000e+000	2.72676299992937128991e+003	1.00000000000000000000e+000	3.50000000000000000000e+001
1.01019025000000000000e+006	0.00000000000000000000e+000	1.01017600000000000000e+006	6.34886731859999990657e-004	0.00000000000000000000e+000	-4.59543675179999999703e-001	0.00000000000000000000e+000	5.69020400730194846409e-004	0.00000000000000000000e+000	-2.81597133942659285603e-004	0.00000000000000000000e+000	2.72703299992938991636e+003	1.00000000000000000000e+000	3.50000000000000000000e+001
1.01019137500000000000e+006	0.00000000000000000000e+000	1.01017700000000000000e+006	6.34885334879999995578e-004	0.00000000000000000000e+000	-4.55247431990000006596e-001	0.00000000000000000000e+000	5.70223700679328704410e-004	0.00000000000000000000e+000	-2.79149278396454184840e-004	0.00000000000000000000e+000	2.72730099992942996323e+003	1.00000000000000000000e+000	3.50000000000000000000e+001
1.01019218750000000000e+006	0.00000000000000000000e+000	1.01017800000000000000e+006	6.34868338240000048417e-004	0.00000000000000000000e+000	-4.54187095169999999200e-001	0.00000000000000000000e+000	5.70504098840586212904e-004	0.00000000000000000000e+000	-2.78537035429240087576e-004	0.00000000000000000000e+000	2.72757099992944858968e+003	1.00000000000000000000e+000	3.50000000000000000000e+001
1.01019325000000000000e+006	0.00000000000000000000e+000	1.01017900000000000000e+006	6.34870782959999946544e-004	0.00000000000000000000e+000	-4.47920352219999984289e-001	0.00000000000000000000e+000	5.72240608565387546235e-004	0.00000000000000000000e+000	-2.74957445734714156678e-004	0.00000000000000000000e+000	2.72784299992944579571e+003	1.00000000000000000000e+000	3.50000000000000000000e+001
1.01019437500000000000e+006	0.00000000000000000000e+000	1.01018000000000000000e+006	6.34841911959999950256e-004	0.00000000000000000000e+000	-4.46660220619999992486e-001	0.00000000000000000000e+000	5.72560598096477895574e-004	0.00000000000000000000e+000	-2.74223658148657568803e-004	0.00000000000000000000e+000	2.72811399992939550430e+003	1.00000000000000000000e+000	3.50000000000000000000e+001
1.01019531250000000000e+006	0.00000000000000000000e+000	1.01018100000000000000e+006	6.34862459259999964770e-004	0.00000000000000000000e+000	-4.43470478060000006248e-001	0.00000000000000000000e+000	5.73450946460929574487e-004	0.00000000000000000000e+000	-2.72404761670421683047e-004	0.00000000000000000000e+000	2.72838299992948304862e+003	1.00000000000000000000e+000	3.50000000000000000000e+001
1.01019637500000000000e+006	0.00000000000000000000e+000	1.01018200000000000000e+006	6.34836906099999994692e-004	0.00000000000000000000e+000	-4.37167972329999987569e-001	0.00000000000000000000e+000	5.75133228520362271320e-004	0.00000000000000000000e+000	-2.68774378984241882427e-004	0.00000000000000000000e+000	2.72865199992945417762e+003	1.00000000000000000000e+000	3.50000000000000000000e+001
1.01019725000000000000e+006	0.00000000000000000000e+000	1.01018300000000000000e+006	6.34822528809999967782e-004	0.00000000000000000000e+000	-4.38592046499999999032e-001	0.00000000000000000000e+000	5.74736874331489323853e-004	0.00000000000000000000e+000	-2.69587033012333649514e-004	0.00000000000000000000e+000	2.72892399992945138365e+003	1.00000000000000000000e+000	3.50000000000000000000e+001
1.01019800000000000000e+006	0.00000000000000000000e+000	1.01018400000000000000e+006	6.34823285510000044976e-004	0.00000000000000000000e+000	-4.32257056239999992719e-001	0.00000000000000000000e+000	5.76433848576630731425e-004	0.00000000000000000000e+000	-2.65941012333271021954e-004	0.00000000000000000000e+000	2.72919299992942251265e+003	1.00000000000000000000e+000	3.50000000000000000000e+001
1.01019918750000000000e+006	0.00000000000000000000e+000	1.01018500000000000000e+006	6.34814728979999991741e-004	0.00000000000000000000e+000	-4.31445986030000006028e-001	0.00000000000000000000e+000	5.76641583359773922564e-004	0.00000000000000000000e+000	-2.65469818379196823011e-004	0.00000000000000000000e+000	2.72945899992948397994e+003	1.00000000000000000000e+000	3.50000000000000000000e+001
1.01020037500000000000e+006	0.00000000000000000000e+000	1.01018600000000000000e+006	6.34794880169999974767e-004	0.00000000000000000000e+000	-4.29600119589999995817e-001	0.00000000000000000000e+000	5.77112577341369441253e-004	0.00000000000000000000e+000	-2.64396696205619163682e-004	0.00000000000000000000e+000	2.72973099992948118597e+003	1.00000000000000000000e+000	3.50000000000000000000e+001
1.01020125000000000000e+006	0.00000000000000000000e+000	1.01018700000000000000e+006	6.34826312310000028492e-004	0.00000000000000000000e+000	-4.26478683949999992642e-001	0.00000000000000000000e+000	5.77963678467932899692e-004	0.00000000000000000000e+000	-2.62606993762408381585e-004	0.00000000000000000000e+000	2.73000299992947839200e+003	1.00000000000000000000e+000	3.50000000000000000000e+001
1.01020212500000000000e+006	0.00000000000000000000e+000	1.01018800000000000000e+006	6.34839350820000001240e-004	0.00000000000000000000e+000	-4.21774387360000002634e-001	0.00000000000000000000e+000	5.79204555689725618037e-004	0.00000000000000000000e+000	-2.59890523139699291654e-004	0.00000000000000000000e+000	2.73027299992938060313e+003	1.00000000000000000000e+000	3.50000000000000000000e+001
1.01020312500000000000e+006	0.00000000000000000000e+000	1.01018900000000000000e+006	6.34821422859999985079e-004	0.00000000000000000000e+000	-4.20283705000000007423e-001	0.00000000000000000000e+000	5.79574958482333450413e-004	0.00000000000000000000e+000	-2.59019509732754359133e-004	0.00000000000000000000e+000	2.73054499992937780917e+003	1.00000000000000000000e+000	3.50000000000000000000e+001
1.01020431250000000000e+006	0.00000000000000000000e+000	1.01019000000000000000e+006	6.34828291370000000540e-004	0.00000000000000000000e+000	-4.14879351850000022139e-001	0.00000000000000000000e+000	5.80972606579323249017e-004	0.00000000000000000000e+000	-2.55886283196619511871e-004	0.00000000000000000000e+000	2.73081599992944393307e+003	1.00000000000000000000e+000	3.50000000000000000000e+001
1.01020537500000000000e+006	0.00000000000000000000e+000	1.01019100000000000000e+006	6.34818745310000015492e-004	0.00000000000000000000e+000	-4.11368638279999976337e-001	0.00000000000000000000e+000	5.81858618234526599709e-004	0.00000000000000000000e+000	-2.53841264933757587794e-004	0.00000000000000000000e+000	2.73109399992937687784e+003	1.00000000000000000000e+000	3.50000000000000000000e+001
1.01020631250000000000e+006	0.00000000000000000000e+000	1.01019200000000000000e+006	6.34824042210000013750e-004	0.00000000000000000000e+000	-4.07502740620000025729e-001	0.00000000000000000000e+000	5.82840455316105182301e-004	0.00000000000000000000e+000	-2.51592067074379497314e-004	0.00000000000000000000e+000	2.73136499992944300175e+003	1.00000000000000000000e+000	3.50000000000000000000e+001
1.01020706250000000000e+006	0.00000000000000000000e+000	1.01019300000000000000e+006	6.34828407780000021111e-004	0.00000000000000000000e+000	-4.04668182129999998153e-001	0.00000000000000000000e+000	5.83555278288349428724e-004	0.00000000000000000000e+000	-2.49940681975337945873e-004	0.00000000000000000000e+000	2.73163599992939271033e+003	1.00000000000000000000e+000	3.50000000000000000000e+001
1.01020818750000000000e+006	0.00000000000000000000e+000	1.01019400000000000000e+006	6.34822528809999967782e-004	0.00000000000000000000e+000	-4.01592910289999993623e-001	0.00000000000000000000e+000	5.84315741955870188162e-004	0.00000000000000000000e+000	-2.48142613807633216974e-004	0.00000000000000000000e+000	2.73190599992941133678e+003	1.00000000000000000000e+000	3.50000000000000000000e+001
1.01020931250000000000e+006	0.00000000000000000000e+000	1.01019500000000000000e+006	6.34862226430000001730e-004	0.00000000000000000000e+000	-3.98001939059999976234e-001	0.00000000000000000000e+000	5.85239640378806174129e-004	0.00000000000000000000e+000	-2.46058143285163852601e-004	0.00000000000000000000e+000	2.73217699992947746068e+003	1.00000000000000000000e+000	3.50000000000000000000e+001
1.01021031250000000000e+006	0.00000000000000000000e+000	1.01019600000000000000e+006	6.34845113380000033998e-004	0.00000000000000000000e+000	-3.95645529029999998283e-001	0.00000000000000000000e+000	5.85802037866893607516e-004	0.00000000000000000000e+000	-2.44671801426849379150e-004	0.00000000000000000000e+000	2.73244499992940109223e+003	1.00000000000000000000e+000	3.50000000000000000000e+001
1.01021125000000000000e+006	0.00000000000000000000e+000	1.01019700000000000000e+006	6.34849828199999946868e-004	0.00000000000000000000e+000	-3.93705755469999973961e-001	0.00000000000000000000e+000	5.86279897463103387596e-004	0.00000000000000000000e+000	-2.43536827186818913196e-004	0.00000000000000000000e+000	2.73271699992939829826e+003	1.00000000000000000000e+000	3.50000000000000000000e+001
1.01021225000000000000e+006	0.00000000000000000000e+000	1.01019800000000000000e+006	6.34867581539999971223e-004	0.00000000000000000000e+000	-3.88796538109999978428e-001	0.00000000000000000000e+000	5.87484831436388909263e-004	0.00000000000000000000e+000	-2.40662458482012033912e-004	0.00000000000000000000e+000	2.73298599992948584259e+003	1.00000000000000000000e+000	3.50000000000000000000e+001
1.01021325000000000000e+006	0.00000000000000000000e+000	1.01019900000000000000e+006	6.34855590759999979626e-004	0.00000000000000000000e+000	-3.84090572600000013104e-001	0.00000000000000000000e+000	5.88599754118160475511e-004	0.00000000000000000000e+000	-2.37890627329597761312e-004	0.00000000000000000000e+000	2.73325599992938805372e+003	1.00000000000000000000e+000	3.50000000000000000000e+001
1.01021418750000000000e+006	0.00000000000000000000e+000	1.01020000000000000000e+006	6.34850759520000015868e-004	0.00000000000000000000e+000	-3.82816731929999987116e-001	0.00000000000000000000e+000	5.88897829704435808555e-004	0.00000000000000000000e+000	-2.37138847582015198671e-004	0.00000000000000000000e+000	2.73352399992942810059e+003	1.00000000000000000000e+000	3.50000000000000000000e+001
1.01021512500000000000e+006	0.00000000000000000000e+000	1.01020100000000000000e+006	6.34882133449999989938e-004	0.00000000000000000000e+000	-3.80383461709999981526e-001	0.00000000000000000000e+000	5.89502240052108719519e-004	0.00000000000000000000e+000	-2.35716847822911449231e-004	0.00000000000000000000e+000	2.73379699992947280407e+003	1.00000000000000000000e+000	3.50000000000000000000e+001
1.01021631250000000000e+006	0.00000000000000000000e+000	1.01020200000000000000e+006	6.34853495279999956689e-004	0.00000000000000000000e+000	-3.72998327020000020049e-001	0.00000000000000000000e+000	5.91200280203511060323e-004	0.00000000000000000000e+000	-2.31346469946102571398e-004	0.00000000000000000000e+000	2.73406699992937501520e+003	1.00000000000000000000e+000	3.50000000000000000000e+001
1.01021725000000000000e+006	0.00000000000000000000e+000	1.01020300000000000000e+006	6.34898315179999997090e-004	0.00000000000000000000e+000	-3.73227119449999977796e-001	0.00000000000000000000e+000	5.91189068706606045238e-004	0.00000000000000000000e+000	-2.31498068372542855275e-004	0.00000000000000000000e+000	2.73433499992941506207e+003	1.00000000000000000000e+000	3.50000000000000000000e+001
1.01021812500000000000e+006	0.00000000000000000000e+000	1.01020400000000000000e+006	6.34895812250000019308e-004	0.00000000000000000000e+000	-3.70102316139999998335e-001	0.00000000000000000000e+000	5.91907233702553860211e-004	0.00000000000000000000e+000	-2.29648686264863290032e-004	0.00000000000000000000e+000	2.73460299992945510894e+003	1.00000000000000000000e+000	3.50000000000000000000e+001
1.01021943750000000000e+006	0.00000000000000000000e+000	1.01020500000000000000e+006	6.34905358310000004357e-004	0.00000000000000000000e+000	-3.70004981760000017932e-001	0.00000000000000000000e+000	5.91938483646738404682e-004	0.00000000000000000000e+000	-2.29594524300448933445e-004	0.00000000000000000000e+000	2.73487199992942623794e+003	1.00000000000000000000e+000	3.50000000000000000000e+001
1.01022012500000000000e+006	0.00000000000000000000e+000	1.01020600000000000000e+006	6.34934986009999969420e-004	0.00000000000000000000e+000	-3.68719220160000027420e-001	0.00000000000000000000e+000	5.92260834511396344441e-004	0.00000000000000000000e+000	-2.28843921403613432446e-004	0.00000000000000000000e+000	2.73514399992942344397e+003	1.00000000000000000000e+000	3.50000000000000000000e+001
1.01022137500000000000e+006	0.00000000000000000000e+000	1.01020700000000000000e+006	6.34934869590000026951e-004	0.00000000000000000000e+000	-3.66229623559999994953e-001	0.00000000000000000000e+000	5.92828618829612874822e-004	0.00000000000000000000e+000	-2.27368681479758700864e-004	0.00000000000000000000e+000	2.73541399992944207042e+003	1.00000000000000000000e+000	3.50000000000000000000e+001
1.01022206250000000000e+006	0.00000000000000000000e+000	1.01020800000000000000e+006	6.34924334010000031986e-004	0.00000000000000000000e+000	-3.61151367429999980985e-001	0.00000000000000000000e+000	5.93965750212309493566e-004	0.00000000000000000000e+000	-2.24351504324732495439e-004	0.00000000000000000000e+000	2.73568499992939177901e+003	1.00000000000000000000e+000	3.50000000000000000000e+001
1.01022325000000000000e+006	0.00000000000000000000e+000	1.01020900000000000000e+006	6.34948897639999961830e-004	0.00000000000000000000e+000	-3.63835632799999975084e-001	0.00000000000000000000e+000	5.93384347782102998178e-004	0.00000000000000000000e+000	-2.25953797094581565735e-004	0.00000000000000000000e+000	2.73595499992941040546e+003	1.00000000000000000000e+000	3.50000000000000000000e+001
1.01022437500000000000e+006	0.00000000000000000000e+000	1.01021000000000000000e+006	6.34945696219999986508e-004	0.00000000000000000000e+000	-3.61655116080000005319e-001	0.00000000000000000000e+000	5.93872638428254119233e-004	0.00000000000000000000e+000	-2.24658243727143559212e-004	0.00000000000000000000e+000	2.73622699992940761149e+003	1.00000000000000000000e+000	3.50000000000000000000e+001
1.01022525000000000000e+006	0.00000000000000000000e+000	1.01021100000000000000e+006	6.34971715039999991086e-004	0.00000000000000000000e+000	-3.59723836179999978402e-001	0.00000000000000000000e+000	5.94329762045108216800e-004	0.00000000000000000000e+000	-2.23520050215286059233e-004	0.00000000000000000000e+000	2.73649899992940481752e+003	1.00000000000000000000e+000	3.50000000000000000000e+001
1.01022618750000000000e+006	0.00000000000000000000e+000	1.01021200000000000000e+006	6.34981144689999955563e-004	0.00000000000000000000e+000	-3.56167018409999980300e-001	0.00000000000000000000e+000	5.95129858887606232737e-004	0.00000000000000000000e+000	-2.21408006115949928345e-004	0.00000000000000000000e+000	2.73677099992940202355e+003	1.00000000000000000000e+000	3.50000000000000000000e+001
1.01022712500000000000e+006	0.00000000000000000000e+000	1.01021300000000000000e+006	6.35017524469999963301e-004	0.00000000000000000000e+000	-3.57755064959999979912e-001	0.00000000000000000000e+000	5.94811578793776139090e-004	0.00000000000000000000e+000	-2.22365559646412928136e-004	0.00000000000000000000e+000	2.73704399992944672704e+003	1.00000000000000000000e+000	3.50000000000000000000e+001
1.01022825000000000000e+006	0.00000000000000000000e+000	1.01021400000000000000e+006	6.35005882939999985633e-004	0.00000000000000000000e+000	-3.53714972730000021262e-001	0.00000000000000000000e+000	5.95694178535666521955e-004	0.00000000000000000000e+000	-2.19956625331282950089e-004	0.00000000000000000000e+000	2.73731599992944393307e+003	1.00000000000000000000e+000	3.50000000000000000000e+001
1.01022906250000000000e+006	0.00000000000000000000e+000	1.01021500000000000000e+006	6.35004777000000033248e-004	0.00000000000000000000e+000	-3.52137207979999977692e-001	0.00000000000000000000e+000	5.96039438681657436636e-004	0.00000000000000000000e+000	-2.19016105227160255871e-004	0.00000000000000000000e+000	2.73758699992939364165e+003	1.00000000000000000000e+000	3.50000000000000000000e+001
1.01023018750000000000e+006	0.00000000000000000000e+000	1.01021600000000000000e+006	6.35049829730000036689e-004	0.00000000000000000000e+000	-3.48488181830000021133e-001	0.00000000000000000000e+000	5.96877008770490624992e-004	0.00000000000000000000e+000	-2.16855072897300917229e-004	0.00000000000000000000e+000	2.73786199992941692472e+003	1.00000000000000000000e+000	3.50000000000000000000e+001
1.01023062500000000000e+006	0.00000000000000000000e+000	1.01021700000000000000e+006	6.35035859889999964624e-004	0.00000000000000000000e+000	-3.48834812639999991557e-001	0.00000000000000000000e+000	5.96788675805065994134e-004	0.00000000000000000000e+000	-2.17057180892656613079e-004	0.00000000000000000000e+000	2.73813199992943555117e+003	1.00000000000000000000e+000	3.50000000000000000000e+001
1.01023250000000000000e+006	0.00000000000000000000e+000	1.01021800000000000000e+006	6.35048199910000048252e-004	0.00000000000000000000e+000	-3.48964601759999992758e-001	0.00000000000000000000e+000	5.96772095371128933824e-004	0.00000000000000000000e+000	-2.17138855102636234989e-004	0.00000000000000000000e+000	2.73840099992940668017e+003	1.00000000000000000000e+000	3.50000000000000000000e+001
1.01023306250000000000e+006	0.00000000000000000000e+000	1.01021900000000000000e+006	6.35052740109999969316e-004	0.00000000000000000000e+000	-3.46997499470000025923e-001	0.00000000000000000000e+000	5.97202344428031362510e-004	0.00000000000000000000e+000	-2.15966068008106848713e-004	0.00000000000000000000e+000	2.73867099992942530662e+003	1.00000000000000000000e+000	3.50000000000000000000e+001
1.01023443750000000000e+006	0.00000000000000000000e+000	1.01022000000000000000e+006	6.35092379529999953927e-004	0.00000000000000000000e+000	-3.46263259649999988188e-001	0.00000000000000000000e+000	5.97398041042575549293e-004	0.00000000000000000000e+000	-2.15540973124765135576e-004	0.00000000000000000000e+000	2.73894399992947001010e+003	1.00000000000000000000e+000	3.50000000000000000000e+001
1.01023525000000000000e+006	0.00000000000000000000e+000	1.01022100000000000000e+006	6.35095813780000000709e-004	0.00000000000000000000e+000	-3.44875007870000027665e-001	0.00000000000000000000e+000	5.97699922454080607125e-004	0.00000000000000000000e+000	-2.14712587845395069374e-004	0.00000000000000000000e+000	2.73922299992945045233e+003	1.00000000000000000000e+000	3.50000000000000000000e+001
1.01023631250000000000e+006	0.00000000000000000000e+000	1.01022200000000000000e+006	6.35117408820000026691e-004	0.00000000000000000000e+000	-3.45389008519999984870e-001	0.00000000000000000000e+000	5.97609800813493131401e-004	0.00000000000000000000e+000	-2.15027088893209213094e-004	0.00000000000000000000e+000	2.73949299992946907878e+003	1.00000000000000000000e+000	3.50000000000000000000e+001
1.01023725000000000000e+006	0.00000000000000000000e+000	1.01022300000000000000e+006	6.35114382020000043175e-004	0.00000000000000000000e+000	-3.43792438510000020191e-001	0.00000000000000000000e+000	5.97949495123654604055e-004	0.00000000000000000000e+000	-2.14071669143801163702e-004	0.00000000000000000000e+000	2.73976599992939736694e+003	1.00000000000000000000e+000	3.50000000000000000000e+001
1.01023831250000000000e+006	0.00000000000000000000e+000	1.01022400000000000000e+006	6.35115138720000011949e-004	0.00000000000000000000e+000	-3.44902336600000025690e-001	0.00000000000000000000e+000	5.97712241273403842995e-004	0.00000000000000000000e+000	-2.14735455999350851415e-004	0.00000000000000000000e+000	2.74003699992946349084e+003	1.00000000000000000000e+000	3.50000000000000000000e+001
1.01023918750000000000e+006	0.00000000000000000000e+000	1.01022500000000000000e+006	6.35154487099999953865e-004	0.00000000000000000000e+000	-3.45645129679999996153e-001	0.00000000000000000000e+000	5.97589593587744753560e-004	0.00000000000000000000e+000	-2.15192704613557966213e-004	0.00000000000000000000e+000	2.74031099992943927646e+003	1.00000000000000000000e+000	3.50000000000000000000e+001
1.01024037500000000000e+006	0.00000000000000000000e+000	1.01022600000000000000e+006	6.35146396230000043551e-004	0.00000000000000000000e+000	-3.42595428229999998671e-001	0.00000000000000000000e+000	5.98235466404647021205e-004	0.00000000000000000000e+000	-2.13366518881408912239e-004	0.00000000000000000000e+000	2.74057799992943182588e+003	1.00000000000000000000e+000	3.50000000000000000000e+001
1.01024112500000000000e+006	0.00000000000000000000e+000	1.01022700000000000000e+006	6.35169562879999978315e-004	0.00000000000000000000e+000	-3.44893783329999981113e-001	0.00000000000000000000e+000	5.97765297137620925209e-004	0.00000000000000000000e+000	-2.14748744227159511343e-004	0.00000000000000000000e+000	2.74084799992945045233e+003	1.00000000000000000000e+000	3.50000000000000000000e+001
1.01024231250000000000e+006	0.00000000000000000000e+000	1.01022800000000000000e+006	6.35196047370000047710e-004	0.00000000000000000000e+000	-3.40341478590000023896e-001	0.00000000000000000000e+000	5.98761666968935222545e-004	0.00000000000000000000e+000	-2.12034159424969261866e-004	0.00000000000000000000e+000	2.74111699992942158133e+003	1.00000000000000000000e+000	3.50000000000000000000e+001
1.01024331250000000000e+006	0.00000000000000000000e+000	1.01022900000000000000e+006	6.35195174250000028048e-004	0.00000000000000000000e+000	-3.39139372110000003602e-001	0.00000000000000000000e+000	5.99015298533120041889e-004	0.00000000000000000000e+000	-2.11313940651735080421e-004	0.00000000000000000000e+000	2.74138699992944020778e+003	1.00000000000000000000e+000	3.50000000000000000000e+001
1.01024418750000000000e+006	0.00000000000000000000e+000	1.01023000000000000000e+006	6.35210541080000017089e-004	0.00000000000000000000e+000	-3.39311838149999989156e-001	0.00000000000000000000e+000	5.98993335819871615053e-004	0.00000000000000000000e+000	-2.11422361973677956247e-004	0.00000000000000000000e+000	2.74165799992938991636e+003	1.00000000000000000000e+000	3.50000000000000000000e+001
1.01024537500000000000e+006	0.00000000000000000000e+000	1.01023100000000000000e+006	6.35217060329999988304e-004	0.00000000000000000000e+000	-3.36255311970000025923e-001	0.00000000000000000000e+000	5.99642908948394906532e-004	0.00000000000000000000e+000	-2.09592689476979939477e-004	0.00000000000000000000e+000	2.74192799992940854281e+003	1.00000000000000000000e+000	3.50000000000000000000e+001
1.01024618750000000000e+006	0.00000000000000000000e+000	1.01023200000000000000e+006	6.35214673819999952990e-004	0.00000000000000000000e+000	-3.35352033380000025264e-001	0.00000000000000000000e+000	5.99829731315406743802e-004	0.00000000000000000000e+000	-2.09050174040434203794e-004	0.00000000000000000000e+000	2.74219699992937967181e+003	1.00000000000000000000e+000	3.50000000000000000000e+001
1.01024725000000000000e+006	0.00000000000000000000e+000	1.01023300000000000000e+006	6.35232776399999960956e-004	0.00000000000000000000e+000	-3.36784660820000025794e-001	0.00000000000000000000e+000	5.99546710465037450445e-004	0.00000000000000000000e+000	-2.09915273821141730448e-004	0.00000000000000000000e+000	2.74246499992941971868e+003	1.00000000000000000000e+000	3.50000000000000000000e+001
1.01024812500000000000e+006	0.00000000000000000000e+000	1.01023400000000000000e+006	6.35239353870000042143e-004	0.00000000000000000000e+000	-3.31723511219999989130e-001	0.00000000000000000000e+000	6.00607658667317049692e-004	0.00000000000000000000e+000	-2.06880344777696787480e-004	0.00000000000000000000e+000	2.74273499992943834513e+003	1.00000000000000000000e+000	3.50000000000000000000e+001
1.01024918750000000000e+006	0.00000000000000000000e+000	1.01023500000000000000e+006	6.35269680060000004745e-004	0.00000000000000000000e+000	-3.34730476140000010599e-001	0.00000000000000000000e+000	6.00011505421540244226e-004	0.00000000000000000000e+000	-2.08695375524499171548e-004	0.00000000000000000000e+000	2.74300399992940947413e+003	1.00000000000000000000e+000	3.50000000000000000000e+001
1.01025037500000000000e+006	0.00000000000000000000e+000	1.01023600000000000000e+006	6.35283242450000013544e-004	0.00000000000000000000e+000	-3.27941268680000008739e-001	0.00000000000000000000e+000	6.01427382139489404358e-004	0.00000000000000000000e+000	-2.04621362889181613318e-004	0.00000000000000000000e+000	2.74327999992948025465e+003	1.00000000000000000000e+000	3.50000000000000000000e+001
1.01025131250000000000e+006	0.00000000000000000000e+000	1.01023700000000000000e+006	6.35285046879999963469e-004	0.00000000000000000000e+000	-3.30039858819999976092e-001	0.00000000000000000000e+000	6.00998348757133030694e-004	0.00000000000000000000e+000	-2.05883645733514450459e-004	0.00000000000000000000e+000	2.74354899992945138365e+003	1.00000000000000000000e+000	3.50000000000000000000e+001
1.01025237500000000000e+006	0.00000000000000000000e+000	1.01023800000000000000e+006	6.35294127280000022438e-004	0.00000000000000000000e+000	-3.26464265580000023714e-001	0.00000000000000000000e+000	6.01739262315410935664e-004	0.00000000000000000000e+000	-2.03736320631746754784e-004	0.00000000000000000000e+000	2.74381899992947001010e+003	1.00000000000000000000e+000	3.50000000000000000000e+001
1.01025337500000000000e+006	0.00000000000000000000e+000	1.01023900000000000000e+006	6.35300297290000010042e-004	0.00000000000000000000e+000	-3.23766320940000018602e-001	0.00000000000000000000e+000	6.02292590403109362809e-004	0.00000000000000000000e+000	-2.02114084819130461869e-004	0.00000000000000000000e+000	2.74408699992939364165e+003	1.00000000000000000000e+000	3.50000000000000000000e+001
1.01025450000000000000e+006	0.00000000000000000000e+000	1.01024000000000000000e+006	6.35313335810000013107e-004	0.00000000000000000000e+000	-3.24338346720000003653e-001	0.00000000000000000000e+000	6.02189236118183318300e-004	0.00000000000000000000e+000	-2.02462733759644502880e-004	0.00000000000000000000e+000	2.74435699992941226810e+003	1.00000000000000000000e+000	3.50000000000000000000e+001
1.01025518750000000000e+006	0.00000000000000000000e+000	1.01024100000000000000e+006	6.35314441749999965492e-004	0.00000000000000000000e+000	-3.21271598340000019700e-001	0.00000000000000000000e+000	6.02808354983592141994e-004	0.00000000000000000000e+000	-2.00615370941734403676e-004	0.00000000000000000000e+000	2.74462599992938339710e+003	1.00000000000000000000e+000	3.50000000000000000000e+001
1.01025618750000000000e+006	0.00000000000000000000e+000	1.01024200000000000000e+006	6.35342556049999993006e-004	0.00000000000000000000e+000	-3.19572597740000019506e-001	0.00000000000000000000e+000	6.03175021287950092162e-004	0.00000000000000000000e+000	-1.99599742540987177717e-004	0.00000000000000000000e+000	2.74489499992947094142e+003	1.00000000000000000000e+000	3.50000000000000000000e+001
1.01025731250000000000e+006	0.00000000000000000000e+000	1.01024300000000000000e+006	6.35352917020000026484e-004	0.00000000000000000000e+000	-3.17672073840000013245e-001	0.00000000000000000000e+000	6.03563118369888646636e-004	0.00000000000000000000e+000	-1.98456270521842596420e-004	0.00000000000000000000e+000	2.74516399992944207042e+003	1.00000000000000000000e+000	3.50000000000000000000e+001
1.01025825000000000000e+006	0.00000000000000000000e+000	1.01024400000000000000e+006	6.35380274619999976804e-004	0.00000000000000000000e+000	-3.17842841149999999484e-001	0.00000000000000000000e+000	6.03555207032674943292e-004	0.00000000000000000000e+000	-1.98567886225168579398e-004	0.00000000000000000000e+000	2.74543299992941319942e+003	1.00000000000000000000e+000	3.50000000000000000000e+001
1.01025918750000000000e+006	0.00000000000000000000e+000	1.01024500000000000000e+006	6.35373347899999990109e-004	0.00000000000000000000e+000	-3.16060155630000005900e-001	0.00000000000000000000e+000	6.03901648279995986561e-004	0.00000000000000000000e+000	-1.97489469153062664059e-004	0.00000000000000000000e+000	2.74570099992945324630e+003	1.00000000000000000000e+000	3.50000000000000000000e+001
1.01026012500000000000e+006	0.00000000000000000000e+000	1.01024600000000000000e+006	6.35417818560000046899e-004	0.00000000000000000000e+000	-3.13490301370000001846e-001	0.00000000000000000000e+000	6.04449476041809988063e-004	0.00000000000000000000e+000	-1.95950593406426040342e-004	0.00000000000000000000e+000	2.74596899992937687784e+003	1.00000000000000000000e+000	3.50000000000000000000e+001
1.01026125000000000000e+006	0.00000000000000000000e+000	1.01024700000000000000e+006	6.35391275860000006269e-004	0.00000000000000000000e+000	-3.15013438460000017027e-001	0.00000000000000000000e+000	6.04125078802935592398e-004	0.00000000000000000000e+000	-1.96862801464231745949e-004	0.00000000000000000000e+000	2.74624099992937408388e+003	1.00000000000000000000e+000	3.50000000000000000000e+001
1.01026231250000000000e+006	0.00000000000000000000e+000	1.01024800000000000000e+006	6.35408039669999990390e-004	0.00000000000000000000e+000	-3.16913932560000000116e-001	0.00000000000000000000e+000	6.03765780423064202763e-004	0.00000000000000000000e+000	-1.98015805599958440164e-004	0.00000000000000000000e+000	2.74651199992944020778e+003	1.00000000000000000000e+000	3.50000000000000000000e+001
1.01026331250000000000e+006	0.00000000000000000000e+000	1.01024900000000000000e+006	6.35423522910000000002e-004	0.00000000000000000000e+000	-3.11789602040000002336e-001	0.00000000000000000000e+000	6.04787284097149744483e-004	0.00000000000000000000e+000	-1.94924073581866042978e-004	0.00000000000000000000e+000	2.74677799992938525975e+003	1.00000000000000000000e+000	3.50000000000000000000e+001
1.01026418750000000000e+006	0.00000000000000000000e+000	1.01025000000000000000e+006	6.35435630100000012170e-004	0.00000000000000000000e+000	-3.16162616010000008249e-001	0.00000000000000000000e+000	6.03940605480373163272e-004	0.00000000000000000000e+000	-1.97570708994487299632e-004	0.00000000000000000000e+000	2.74705199992947746068e+003	1.00000000000000000000e+000	3.50000000000000000000e+001
1.01026518750000000000e+006	0.00000000000000000000e+000	1.01025100000000000000e+006	6.35431963020000002348e-004	0.00000000000000000000e+000	-3.13729345800000003486e-001	0.00000000000000000000e+000	6.04416071933284180032e-004	0.00000000000000000000e+000	-1.96099443181743155916e-004	0.00000000000000000000e+000	2.74732399992947466671e+003	1.00000000000000000000e+000	3.50000000000000000000e+001
1.01026618750000000000e+006	0.00000000000000000000e+000	1.01025200000000000000e+006	6.35413744020000051914e-004	0.00000000000000000000e+000	-3.15489858389999988653e-001	0.00000000000000000000e+000	6.04052580116158665570e-004	0.00000000000000000000e+000	-1.97157567809419677482e-004	0.00000000000000000000e+000	2.74759599992947187275e+003	1.00000000000000000000e+000	3.50000000000000000000e+001
1.01026731250000000000e+006	0.00000000000000000000e+000	1.01025300000000000000e+006	6.35473232250000053499e-004	0.00000000000000000000e+000	-3.13384443520000000039e-001	0.00000000000000000000e+000	6.04522930366617971230e-004	0.00000000000000000000e+000	-1.95903689519160638085e-004	0.00000000000000000000e+000	2.74786699992942158133e+003	1.00000000000000000000e+000	3.50000000000000000000e+001
1.01026818750000000000e+006	0.00000000000000000000e+000	1.01025400000000000000e+006	6.35478470939999972103e-004	0.00000000000000000000e+000	-3.12132805590000006468e-001	0.00000000000000000000e+000	6.04772642829580855429e-004	0.00000000000000000000e+000	-1.95148501180933013404e-004	0.00000000000000000000e+000	2.74813599992939271033e+003	1.00000000000000000000e+000	3.50000000000000000000e+001
1.01026925000000000000e+006	0.00000000000000000000e+000	1.01025500000000000000e+006	6.35483127550000022159e-004	0.00000000000000000000e+000	-3.11296105380000021068e-001	0.00000000000000000000e+000	6.04940144712835564840e-004	0.00000000000000000000e+000	-1.94643845819854219249e-004	0.00000000000000000000e+000	2.74840799992938991636e+003	1.00000000000000000000e+000	3.50000000000000000000e+001
1.01027018750000000000e+006	0.00000000000000000000e+000	1.01025600000000000000e+006	6.35495234749999956224e-004	0.00000000000000000000e+000	-3.12283068900000015944e-001	0.00000000000000000000e+000	6.04759265364298746401e-004	0.00000000000000000000e+000	-1.95244524496824677778e-004	0.00000000000000000000e+000	2.74867699992947746068e+003	1.00000000000000000000e+000	3.50000000000000000000e+001
1.01027125000000000000e+006	0.00000000000000000000e+000	1.01025700000000000000e+006	6.35502161460000021022e-004	0.00000000000000000000e+000	-3.07508766649999987219e-001	0.00000000000000000000e+000	6.05691127560989005414e-004	0.00000000000000000000e+000	-1.92357103363067062727e-004	0.00000000000000000000e+000	2.74894799992942716926e+003	1.00000000000000000000e+000	3.50000000000000000000e+001
1.01027225000000000000e+006	0.00000000000000000000e+000	1.01025800000000000000e+006	6.35534001050000029592e-004	0.00000000000000000000e+000	-3.07932227850000017622e-001	0.00000000000000000000e+000	6.05639959417245891775e-004	0.00000000000000000000e+000	-1.92623223022817528132e-004	0.00000000000000000000e+000	2.74921599992946721613e+003	1.00000000000000000000e+000	3.50000000000000000000e+001
1.01027318750000000000e+006	0.00000000000000000000e+000	1.01025900000000000000e+006	6.35504315139999984875e-004	0.00000000000000000000e+000	-3.09933483600000003744e-001	0.00000000000000000000e+000	6.05224987049894852867e-004	0.00000000000000000000e+000	-1.93825822872018417153e-004	0.00000000000000000000e+000	2.74948199992941226810e+003	1.00000000000000000000e+000	3.50000000000000000000e+001
1.01027431250000000000e+006	0.00000000000000000000e+000	1.01026000000000000000e+006	6.35548494759999998971e-004	0.00000000000000000000e+000	-3.05420428510000008249e-001	0.00000000000000000000e+000	6.06135702211572143655e-004	0.00000000000000000000e+000	-1.91105729103514956164e-004	0.00000000000000000000e+000	2.74974999992945231497e+003	1.00000000000000000000e+000	3.50000000000000000000e+001
1.01027531250000000000e+006	0.00000000000000000000e+000	1.01026100000000000000e+006	6.35551521549999952169e-004	0.00000000000000000000e+000	-3.06274205450000003292e-001	0.00000000000000000000e+000	6.05975205583931956013e-004	0.00000000000000000000e+000	-1.91624076676265888948e-004	0.00000000000000000000e+000	2.75002099992940202355e+003	1.00000000000000000000e+000	3.50000000000000000000e+001
1.01027606250000000000e+006	0.00000000000000000000e+000	1.01026200000000000000e+006	6.35576434430000004362e-004	0.00000000000000000000e+000	-3.05143803360000021030e-001	0.00000000000000000000e+000	6.06215192632964926939e-004	0.00000000000000000000e+000	-1.90946443338778473796e-004	0.00000000000000000000e+000	2.75029099992942065001e+003	1.00000000000000000000e+000	3.50000000000000000000e+001
1.01027718750000000000e+006	0.00000000000000000000e+000	1.01026300000000000000e+006	6.35591975879999985209e-004	0.00000000000000000000e+000	-3.05679976939999986651e-001	0.00000000000000000000e+000	6.06127546049596089076e-004	0.00000000000000000000e+000	-1.91276129516825097072e-004	0.00000000000000000000e+000	2.75055899992946069688e+003	1.00000000000000000000e+000	3.50000000000000000000e+001
1.01027831250000000000e+006	0.00000000000000000000e+000	1.01026400000000000000e+006	6.35603209960000008032e-004	0.00000000000000000000e+000	-3.03740203380000017841e-001	0.00000000000000000000e+000	6.06508157685818356103e-004	0.00000000000000000000e+000	-1.90103380222473330964e-004	0.00000000000000000000e+000	2.75082999992941040546e+003	1.00000000000000000000e+000	3.50000000000000000000e+001
1.01027918750000000000e+006	0.00000000000000000000e+000	1.01026500000000000000e+006	6.35584467090000051863e-004	0.00000000000000000000e+000	-3.01464051010000011477e-001	0.00000000000000000000e+000	6.06921392833255574431e-004	0.00000000000000000000e+000	-1.88716818877969786869e-004	0.00000000000000000000e+000	2.75110099992947652936e+003	1.00000000000000000000e+000	3.50000000000000000000e+001
1.01028031250000000000e+006	0.00000000000000000000e+000	1.01026600000000000000e+006	6.35593605690000051749e-004	0.00000000000000000000e+000	-3.00436109299999976052e-001	0.00000000000000000000e+000	6.07123791292016388825e-004	0.00000000000000000000e+000	-1.88095543916445324820e-004	0.00000000000000000000e+000	2.75137199992942623794e+003	1.00000000000000000000e+000	3.50000000000000000000e+001
1.01028137500000000000e+006	0.00000000000000000000e+000	1.01026700000000000000e+006	6.35614444040000030854e-004	0.00000000000000000000e+000	-2.98165053130000023973e-001	0.00000000000000000000e+000	6.07569319693521299464e-004	0.00000000000000000000e+000	-1.86722369413602930352e-004	0.00000000000000000000e+000	2.75164199992944486439e+003	1.00000000000000000000e+000	3.50000000000000000000e+001
1.01028225000000000000e+006	0.00000000000000000000e+000	1.01026800000000000000e+006	6.35606644209999946393e-004	0.00000000000000000000e+000	-3.00301223989999976904e-001	0.00000000000000000000e+000	6.07161612107365820934e-004	0.00000000000000000000e+000	-1.88017507022835756890e-004	0.00000000000000000000e+000	2.75191099992941599339e+003	1.00000000000000000000e+000	3.50000000000000000000e+001
1.01028362500000000000e+006	0.00000000000000000000e+000	1.01026900000000000000e+006	6.35622243859999976577e-004	0.00000000000000000000e+000	-3.00290971989999988523e-001	0.00000000000000000000e+000	6.07178441203787798430e-004	0.00000000000000000000e+000	-1.88015896740035344699e-004	0.00000000000000000000e+000	2.75218799992941785604e+003	1.00000000000000000000e+000	3.50000000000000000000e+001
1.01028418750000000000e+006	0.00000000000000000000e+000	1.01027000000000000000e+006	6.35651929770000021294e-004	0.00000000000000000000e+000	-2.98679053779999981177e-001	0.00000000000000000000e+000	6.07509090107214333627e-004	0.00000000000000000000e+000	-1.87045666235359736660e-004	0.00000000000000000000e+000	2.75245699992938898504e+003	1.00000000000000000000e+000	3.50000000000000000000e+001
1.01028531250000000000e+006	0.00000000000000000000e+000	1.01027100000000000000e+006	6.35651929770000021294e-004	0.00000000000000000000e+000	-3.00390005110000024580e-001	0.00000000000000000000e+000	6.07188175034933095599e-004	0.00000000000000000000e+000	-1.88084810439526235997e-004	0.00000000000000000000e+000	2.75272799992945510894e+003	1.00000000000000000000e+000	3.50000000000000000000e+001
1.01028612500000000000e+006	0.00000000000000000000e+000	1.01027200000000000000e+006	6.35660951960000000609e-004	0.00000000000000000000e+000	-2.97294229269999987775e-001	0.00000000000000000000e+000	6.07776159335685788911e-004	0.00000000000000000000e+000	-1.86206836581948449423e-004	0.00000000000000000000e+000	2.75299599992937874049e+003	1.00000000000000000000e+000	3.50000000000000000000e+001
1.01028725000000000000e+006	0.00000000000000000000e+000	1.01027300000000000000e+006	6.35657110249999968664e-004	0.00000000000000000000e+000	-2.98077970739999975613e-001	0.00000000000000000000e+000	6.07626362366297232721e-004	0.00000000000000000000e+000	-1.86681990478144256085e-004	0.00000000000000000000e+000	2.75326299992937128991e+003	1.00000000000000000000e+000	3.50000000000000000000e+001
1.01028831250000000000e+006	0.00000000000000000000e+000	1.01027400000000000000e+006	6.35671778580000038268e-004	0.00000000000000000000e+000	-2.97348856930000016163e-001	0.00000000000000000000e+000	6.07776337896149296096e-004	0.00000000000000000000e+000	-1.86243209746305419432e-004	0.00000000000000000000e+000	2.75353099992941133678e+003	1.00000000000000000000e+000	3.50000000000000000000e+001
1.01028950000000000000e+006	0.00000000000000000000e+000	1.01027500000000000000e+006	6.35669392070000002955e-004	0.00000000000000000000e+000	-2.98441678290000012019e-001	0.00000000000000000000e+000	6.07570163441553678929e-004	0.00000000000000000000e+000	-1.86906587658774292612e-004	0.00000000000000000000e+000	2.75379899992945138365e+003	1.00000000000000000000e+000	3.50000000000000000000e+001
1.01029031250000000000e+006	0.00000000000000000000e+000	1.01027600000000000000e+006	6.35697739199999993509e-004	0.00000000000000000000e+000	-2.97089308499999982249e-001	0.00000000000000000000e+000	6.07849479909724522975e-004	0.00000000000000000000e+000	-1.86093055747571051129e-004	0.00000000000000000000e+000	2.75406899992947001010e+003	1.00000000000000000000e+000	3.50000000000000000000e+001
1.01029118750000000000e+006	0.00000000000000000000e+000	1.01027700000000000000e+006	6.35705655439999990121e-004	0.00000000000000000000e+000	-2.97963589430000008740e-001	0.00000000000000000000e+000	6.07694117431776203130e-004	0.00000000000000000000e+000	-1.86626739770094450923e-004	0.00000000000000000000e+000	2.75433699992939364165e+003	1.00000000000000000000e+000	3.50000000000000000000e+001
1.01029225000000000000e+006	0.00000000000000000000e+000	1.01027800000000000000e+006	6.35724980380000001361e-004	0.00000000000000000000e+000	-2.97038108109999976492e-001	0.00000000000000000000e+000	6.07885055373265500642e-004	0.00000000000000000000e+000	-1.86069906575440908005e-004	0.00000000000000000000e+000	2.75460699992941226810e+003	1.00000000000000000000e+000	3.50000000000000000000e+001
1.01029337500000000000e+006	0.00000000000000000000e+000	1.01027900000000000000e+006	6.35716307440000035975e-004	0.00000000000000000000e+000	-2.96585589649999981088e-001	0.00000000000000000000e+000	6.07960898919790329424e-004	0.00000000000000000000e+000	-1.85792273600893025846e-004	0.00000000000000000000e+000	2.75487799992947839200e+003	1.00000000000000000000e+000	3.50000000000000000000e+001
1.01029425000000000000e+006	0.00000000000000000000e+000	1.01028000000000000000e+006	6.35728647470000041500e-004	0.00000000000000000000e+000	-2.96472877259999989530e-001	0.00000000000000000000e+000	6.07993637819191266002e-004	0.00000000000000000000e+000	-1.85727352819722391162e-004	0.00000000000000000000e+000	2.75514699992944952101e+003	1.00000000000000000000e+000	3.50000000000000000000e+001
1.01029493750000000000e+006	0.00000000000000000000e+000	1.01028100000000000000e+006	6.35733304079999983136e-004	0.00000000000000000000e+000	-2.97599881889999973161e-001	0.00000000000000000000e+000	6.07788388078136848289e-004	0.00000000000000000000e+000	-1.86413811810857759851e-004	0.00000000000000000000e+000	2.75541699992946814746e+003	1.00000000000000000000e+000	3.50000000000000000000e+001
1.01029625000000000000e+006	0.00000000000000000000e+000	1.01028200000000000000e+006	6.35740754660000053668e-004	0.00000000000000000000e+000	-2.95969158409999988368e-001	0.00000000000000000000e+000	6.08098695818295727038e-004	0.00000000000000000000e+000	-1.85424602681936859846e-004	0.00000000000000000000e+000	2.75568599992943927646e+003	1.00000000000000000000e+000	3.50000000000000000000e+001
1.01029737500000000000e+006	0.00000000000000000000e+000	1.01028300000000000000e+006	6.35761418380000010650e-004	0.00000000000000000000e+000	-2.94220626350000014071e-001	0.00000000000000000000e+000	6.08441762694037413181e-004	0.00000000000000000000e+000	-1.84367032059210895654e-004	0.00000000000000000000e+000	2.75595699992938898504e+003	1.00000000000000000000e+000	3.50000000000000000000e+001
1.01029812500000000000e+006	0.00000000000000000000e+000	1.01028400000000000000e+006	6.35756005069999991820e-004	0.00000000000000000000e+000	-2.91408300399999986574e-001	0.00000000000000000000e+000	6.08952670977815036998e-004	0.00000000000000000000e+000	-1.82653613409510104035e-004	0.00000000000000000000e+000	2.75622399992938153446e+003	1.00000000000000000000e+000	3.50000000000000000000e+001
1.01029931250000000000e+006	0.00000000000000000000e+000	1.01028500000000000000e+006	6.35784643240000025069e-004	0.00000000000000000000e+000	-2.94819980859999997147e-001	0.00000000000000000000e+000	6.08353375015501136869e-004	0.00000000000000000000e+000	-1.84738419629115274917e-004	0.00000000000000000000e+000	2.75649499992944765836e+003	1.00000000000000000000e+000	3.50000000000000000000e+001
1.01030031250000000000e+006	0.00000000000000000000e+000	1.01028600000000000000e+006	6.35764386970000022932e-004	0.00000000000000000000e+000	-2.90974587200000023302e-001	0.00000000000000000000e+000	6.09039862548936268387e-004	0.00000000000000000000e+000	-1.82391890076595092557e-004	0.00000000000000000000e+000	2.75676199992944020778e+003	1.00000000000000000000e+000	3.50000000000000000000e+001
1.01030125000000000000e+006	0.00000000000000000000e+000	1.01028700000000000000e+006	6.35800824970000032221e-004	0.00000000000000000000e+000	-2.89323389529999974723e-001	0.00000000000000000000e+000	6.09375120748991208619e-004	0.00000000000000000000e+000	-1.81396392590054035413e-004	0.00000000000000000000e+000	2.75702899992943275720e+003	1.00000000000000000000e+000	3.50000000000000000000e+001
1.01030206250000000000e+006	0.00000000000000000000e+000	1.01028800000000000000e+006	6.35779637379999961085e-004	0.00000000000000000000e+000	-2.90788471699999995224e-001	0.00000000000000000000e+000	6.09088408127300326954e-004	0.00000000000000000000e+000	-1.82282907569512761482e-004	0.00000000000000000000e+000	2.75729799992940388620e+003	1.00000000000000000000e+000	3.50000000000000000000e+001
1.01030343750000000000e+006	0.00000000000000000000e+000	1.01028900000000000000e+006	6.35792908720000005292e-004	0.00000000000000000000e+000	-2.90595501659999977395e-001	0.00000000000000000000e+000	6.09136286844711208853e-004	0.00000000000000000000e+000	-1.82169170903520051801e-004	0.00000000000000000000e+000	2.75756799992942251265e+003	1.00000000000000000000e+000	3.50000000000000000000e+001
1.01030425000000000000e+006	0.00000000000000000000e+000	1.01029000000000000000e+006	6.35781383609999970093e-004	0.00000000000000000000e+000	-2.89736628529999984405e-001	0.00000000000000000000e+000	6.09281477629161735861e-004	0.00000000000000000000e+000	-1.81642640266736906610e-004	0.00000000000000000000e+000	2.75783799992944113910e+003	1.00000000000000000000e+000	3.50000000000000000000e+001
1.01030531250000000000e+006	0.00000000000000000000e+000	1.01029100000000000000e+006	6.35822536419999970354e-004	0.00000000000000000000e+000	-2.91094124319999980610e-001	0.00000000000000000000e+000	6.09073758724332074178e-004	0.00000000000000000000e+000	-1.82481380565186016582e-004	0.00000000000000000000e+000	2.75810799992945976555e+003	1.00000000000000000000e+000	3.50000000000000000000e+001
1.01030625000000000000e+006	0.00000000000000000000e+000	1.01029200000000000000e+006	6.35802920440000024840e-004	0.00000000000000000000e+000	-2.89637565609999980687e-001	0.00000000000000000000e+000	6.09320108456037120431e-004	0.00000000000000000000e+000	-1.81588433197591510478e-004	0.00000000000000000000e+000	2.75838099992938805372e+003	1.00000000000000000000e+000	3.50000000000000000000e+001
1.01030737500000000000e+006	0.00000000000000000000e+000	1.01029300000000000000e+006	6.35810138190000023913e-004	0.00000000000000000000e+000	-2.86553740499999987090e-001	0.00000000000000000000e+000	6.09884120667024756668e-004	0.00000000000000000000e+000	-1.79710576158991988541e-004	0.00000000000000000000e+000	2.75864999992947559804e+003	1.00000000000000000000e+000	3.50000000000000000000e+001
1.01030831250000000000e+006	0.00000000000000000000e+000	1.01029400000000000000e+006	6.35839707680000017741e-004	0.00000000000000000000e+000	-2.90528923270000016821e-001	0.00000000000000000000e+000	6.09193251757090496051e-004	0.00000000000000000000e+000	-1.82142021170871064783e-004	0.00000000000000000000e+000	2.75891999992937780917e+003	1.00000000000000000000e+000	3.50000000000000000000e+001
1.01030931250000000000e+006	0.00000000000000000000e+000	1.01029500000000000000e+006	6.35833945130000015300e-004	0.00000000000000000000e+000	-2.91638821360000022320e-001	0.00000000000000000000e+000	6.08985198272276456732e-004	0.00000000000000000000e+000	-1.82816394409407239566e-004	0.00000000000000000000e+000	2.75918299992941319942e+003	1.00000000000000000000e+000	3.50000000000000000000e+001
1.01031037500000000000e+006	0.00000000000000000000e+000	1.01029600000000000000e+006	6.35853270070000026540e-004	0.00000000000000000000e+000	-2.91761755939999978260e-001	0.00000000000000000000e+000	6.08981227455086208261e-004	0.00000000000000000000e+000	-1.82896816992556931862e-004	0.00000000000000000000e+000	2.75945699992938898504e+003	1.00000000000000000000e+000	3.50000000000000000000e+001
1.01031125000000000000e+006	0.00000000000000000000e+000	1.01029700000000000000e+006	6.35873933789999983522e-004	0.00000000000000000000e+000	-2.89355814460000027033e-001	0.00000000000000000000e+000	6.09439308194897693370e-004	0.00000000000000000000e+000	-1.81437011936632893241e-004	0.00000000000000000000e+000	2.75972499992942903191e+003	1.00000000000000000000e+000	3.50000000000000000000e+001
1.01031218750000000000e+006	0.00000000000000000000e+000	1.01029800000000000000e+006	6.35876320300000018836e-004	0.00000000000000000000e+000	-2.90534019470000015595e-001	0.00000000000000000000e+000	6.09227401739995057424e-004	0.00000000000000000000e+000	-1.82155613933259976538e-004	0.00000000000000000000e+000	2.75999399992940016091e+003	1.00000000000000000000e+000	3.50000000000000000000e+001
1.01031312500000000000e+006	0.00000000000000000000e+000	1.01029900000000000000e+006	6.35864271319999977902e-004	0.00000000000000000000e+000	-2.93213188650000011748e-001	0.00000000000000000000e+000	6.08725655386292609922e-004	0.00000000000000000000e+000	-1.83783698993798252572e-004	0.00000000000000000000e+000	2.76025999992946162820e+003	1.00000000000000000000e+000	3.50000000000000000000e+001
1.01031437500000000000e+006	0.00000000000000000000e+000	1.01030000000000000000e+006	6.35842618069999980686e-004	0.00000000000000000000e+000	-2.89861261839999995171e-001	0.00000000000000000000e+000	6.09317514148625320562e-004	0.00000000000000000000e+000	-1.81736077612156226961e-004	0.00000000000000000000e+000	2.76052699992945417762e+003	1.00000000000000000000e+000	3.50000000000000000000e+001