Fext	FextSD	Fgen	R	RSD	Theta	ThetaSD	X	XSD	Y	YSD	Time	Interval	Round
8.70010781250000000000e+004	0.00000000000000000000e+000	8.70000000000000000000e+004	1.82877833139999986922e-004	0.00000000000000000000e+000	1.09788009639999998512e+002	0.00000000000000000000e+000	-1.80311276440142019767e-004	0.00000000000000000000e+000	3.05310570159037064750e-005	0.00000000000000000000e+000	9.03000051504932343960e-001	1	1
8.70035234380000038072e+004	0.00000000000000000000e+000	8.70020000000000000000e+004	1.83073745570000012001e-004	0.00000000000000000000e+000	1.09691780089999994630e+002	0.00000000000000000000e+000	-1.76732737001081692237e-004	0.00000000000000000000e+000	4.77654267136345749793e-005	0.00000000000000000000e+000	1.14500005147419869900e+000	1	1
8.70051406250000000000e+004	0.00000000000000000000e+000	8.70040000000000000000e+004	1.82954099730000012067e-004	0.00000000000000000000e+000	1.09639877319999996530e+002	0.00000000000000000000e+000	-1.73902968783114523967e-004	0.00000000000000000000e+000	5.68327375412612734651e-005	0.00000000000000000000e+000	1.38700005144346505404e+000	1	1
8.70074687500000000000e+004	0.00000000000000000000e+000	8.70060000000000000000e+004	1.83395663040000008077e-004	0.00000000000000000000e+000	1.09838508610000005206e+002	0.00000000000000000000e+000	-1.82136822455558877168e-004	0.00000000000000000000e+000	2.14510402468844402408e-005	0.00000000000000000000e+000	1.62700005155056715012e+000	1	1
8.70094453119999961928e+004	0.00000000000000000000e+000	8.70080000000000000000e+004	1.83947631739999999112e-004	0.00000000000000000000e+000	1.09756454469999994217e+002	0.00000000000000000000e+000	-1.80306885335066032720e-004	0.00000000000000000000e+000	3.64164567678131327784e-005	0.00000000000000000000e+000	1.86600005149375647306e+000	1	1
8.70111484380000038072e+004	0.00000000000000000000e+000	8.70100000000000000000e+004	1.83316296899999991955e-004	0.00000000000000000000e+000	1.09788299559999998678e+002	0.00000000000000000000e+000	-1.80752451871958992819e-004	0.00000000000000000000e+000	3.05518551221378259443e-005	0.00000000000000000000e+000	2.10600005148444324732e+000	1	1
8.70131250000000000000e+004	0.00000000000000000000e+000	8.70120000000000000000e+004	1.84482472830000006868e-004	0.00000000000000000000e+000	1.09579360960000002478e+002	0.00000000000000000000e+000	-1.71568805965238349977e-004	0.00000000000000000000e+000	6.78080201829700805922e-005	0.00000000000000000000e+000	2.34900005150120705366e+000	1	1
8.70144218750000000000e+004	0.00000000000000000000e+000	8.70140000000000000000e+004	1.84154676390000011672e-004	0.00000000000000000000e+000	1.09499755859999993390e+002	0.00000000000000000000e+000	-1.65339010166761445596e-004	0.00000000000000000000e+000	8.10922718474527674153e-005	0.00000000000000000000e+000	2.59000005153939127922e+000	1	1
8.70176015619999961928e+004	0.00000000000000000000e+000	8.70160000000000000000e+004	1.84316231750000010959e-004	0.00000000000000000000e+000	1.09777297970000006444e+002	0.00000000000000000000e+000	-1.81389457889341549441e-004	0.00000000000000000000e+000	3.27160182957905517503e-005	0.00000000000000000000e+000	2.83100005146116018295e+000	1	1
8.70196171880000038072e+004	0.00000000000000000000e+000	8.70180000000000000000e+004	1.83773649039999998397e-004	0.00000000000000000000e+000	1.09745285030000005122e+002	0.00000000000000000000e+000	-1.79718751426433869054e-004	0.00000000000000000000e+000	3.83917239415054964446e-005	0.00000000000000000000e+000	3.07500005152542144060e+000	1	1
8.70212656250000000000e+004	0.00000000000000000000e+000	8.70200000000000000000e+004	1.84102595089999989406e-004	0.00000000000000000000e+000	1.09766227720000003387e+002	0.00000000000000000000e+000	-1.80806364577874634008e-004	0.00000000000000000000e+000	3.46817538052094980969e-005	0.00000000000000000000e+000	3.31600005144719034433e+000	1	1
8.70229609380000038072e+004	0.00000000000000000000e+000	8.70220000000000000000e+004	1.84685937710000005509e-004	0.00000000000000000000e+000	1.09331054690000001983e+002	0.00000000000000000000e+000	-1.49807171314397357797e-004	0.00000000000000000000e+000	1.08012531729428495203e-004	0.00000000000000000000e+000	3.55700005148537456989e+000	1	1
8.70251015619999961928e+004	0.00000000000000000000e+000	8.70240000000000000000e+004	1.84571632419999986626e-004	0.00000000000000000000e+000	1.09632469180000001074e+002	0.00000000000000000000e+000	-1.75010921202647983311e-004	0.00000000000000000000e+000	5.86333092532233975916e-005	0.00000000000000000000e+000	3.80000005150213837624e+000	1	1
8.70265781250000000000e+004	0.00000000000000000000e+000	8.70260000000000000000e+004	1.85393320860000005790e-004	0.00000000000000000000e+000	1.09630569460000003801e+002	0.00000000000000000000e+000	-1.75677846733749472991e-004	0.00000000000000000000e+000	5.92281823669453798839e-005	0.00000000000000000000e+000	4.04100005154032260180e+000	1	1
8.70288125000000000000e+004	0.00000000000000000000e+000	8.70280000000000000000e+004	1.85241078730000001407e-004	0.00000000000000000000e+000	1.09575057979999996860e+002	0.00000000000000000000e+000	-1.71979739549384596587e-004	0.00000000000000000000e+000	6.88275121850259827966e-005	0.00000000000000000000e+000	4.28400005144067108631e+000	1	1
8.70309765619999961928e+004	0.00000000000000000000e+000	8.70300000000000000000e+004	1.84723408890000010719e-004	0.00000000000000000000e+000	1.09538543700000005288e+002	0.00000000000000000000e+000	-1.68879206042879569712e-004	0.00000000000000000000e+000	7.48501941097601020429e-005	0.00000000000000000000e+000	4.52500005147885531187e+000	1	1
8.70325703119999961928e+004	0.00000000000000000000e+000	8.70320000000000000000e+004	1.85589349710000000443e-004	0.00000000000000000000e+000	1.09596809390000004214e+002	0.00000000000000000000e+000	-1.73762111049852684391e-004	0.00000000000000000000e+000	6.51930631990807723641e-005	0.00000000000000000000e+000	4.76600005151703953743e+000	1	1
8.70351796880000038072e+004	0.00000000000000000000e+000	8.70340000000000000000e+004	1.86036268129999993052e-004	0.00000000000000000000e+000	1.09715309140000002230e+002	0.00000000000000000000e+000	-1.80684894579281792861e-004	0.00000000000000000000e+000	4.42996831886084661031e-005	0.00000000000000000000e+000	5.00900005153380334377e+000	1	1
8.70370546880000038072e+004	0.00000000000000000000e+000	8.70360000000000000000e+004	1.86235105499999993410e-004	0.00000000000000000000e+000	1.09525047299999997108e+002	0.00000000000000000000e+000	-1.69227289644425642765e-004	0.00000000000000000000e+000	7.77537070511612031249e-005	0.00000000000000000000e+000	5.26000005146488547325e+000	1	1
8.70391484380000038072e+004	0.00000000000000000000e+000	8.70380000000000000000e+004	1.86432691409999992931e-004	0.00000000000000000000e+000	1.09794723509999997191e+002	0.00000000000000000000e+000	-1.84021066531111598778e-004	0.00000000000000000000e+000	2.98897222992868231322e-005	0.00000000000000000000e+000	5.50100005150306969881e+000	1	1
8.70407578119999961928e+004	0.00000000000000000000e+000	8.70400000000000000000e+004	1.86561461310000010734e-004	0.00000000000000000000e+000	1.09825996399999993969e+002	0.00000000000000000000e+000	-1.84993361345102516917e-004	0.00000000000000000000e+000	2.41378355359995456738e-005	0.00000000000000000000e+000	5.74100005149375647306e+000	1	1
8.70431093750000000000e+004	0.00000000000000000000e+000	8.70420000000000000000e+004	1.86712073630000002789e-004	0.00000000000000000000e+000	1.09593223570000006362e+002	0.00000000000000000000e+000	-1.74576977851257313492e-004	0.00000000000000000000e+000	6.62138750077063579580e-005	0.00000000000000000000e+000	5.98200005153194069862e+000	1	1
8.70449687500000000000e+004	0.00000000000000000000e+000	8.70440000000000000000e+004	1.87399491549999989417e-004	0.00000000000000000000e+000	1.09475555420000006279e+002	0.00000000000000000000e+000	-1.66206172732662280783e-004	0.00000000000000000000e+000	8.65683405105986149546e-005	0.00000000000000000000e+000	6.22400005150120705366e+000	1	1
8.70472500000000000000e+004	0.00000000000000000000e+000	8.70460000000000000000e+004	1.87203419050000011972e-004	0.00000000000000000000e+000	1.09726455689999994547e+002	0.00000000000000000000e+000	-1.82304053463150215640e-004	0.00000000000000000000e+000	4.25482337461237071713e-005	0.00000000000000000000e+000	6.46300005144439637661e+000	1	1
8.70494453119999961928e+004	0.00000000000000000000e+000	8.70480000000000000000e+004	1.87661527889999987188e-004	0.00000000000000000000e+000	1.09559944150000006857e+002	0.00000000000000000000e+000	-1.73153211332599207307e-004	0.00000000000000000000e+000	7.23520176305919067309e-005	0.00000000000000000000e+000	6.70400005148258060217e+000	1	1
8.70508046880000038072e+004	0.00000000000000000000e+000	8.70500000000000000000e+004	1.87326906599999989641e-004	0.00000000000000000000e+000	1.09464187620000004131e+002	0.00000000000000000000e+000	-1.65147372428886432625e-004	0.00000000000000000000e+000	8.84178450097026900510e-005	0.00000000000000000000e+000	6.94600005145184695721e+000	1	1
8.70531406250000000000e+004	0.00000000000000000000e+000	8.70520000000000000000e+004	1.87827608900000003625e-004	0.00000000000000000000e+000	1.09635391240000004132e+002	0.00000000000000000000e+000	-1.78271831698810544545e-004	0.00000000000000000000e+000	5.91469753059472227595e-005	0.00000000000000000000e+000	7.18900005146861076355e+000	1	1
8.70550859380000038072e+004	0.00000000000000000000e+000	8.70540000000000000000e+004	1.88188510949999996671e-004	0.00000000000000000000e+000	1.09576652530000004049e+002	0.00000000000000000000e+000	-1.74827439202788949973e-004	0.00000000000000000000e+000	6.96439671139819396458e-005	0.00000000000000000000e+000	7.43000005150679498911e+000	1	1
8.70571640619999961928e+004	0.00000000000000000000e+000	8.70560000000000000000e+004	1.88796591829999991846e-004	0.00000000000000000000e+000	1.09493133540000002313e+002	0.00000000000000000000e+000	-1.68952378180243351340e-004	0.00000000000000000000e+000	8.42570293439286167013e-005	0.00000000000000000000e+000	7.67200005147606134415e+000	1	1
8.70591953119999961928e+004	0.00000000000000000000e+000	8.70580000000000000000e+004	1.88879756019999999698e-004	0.00000000000000000000e+000	1.09821243289999998183e+002	0.00000000000000000000e+000	-1.87173899469423427565e-004	0.00000000000000000000e+000	2.53277237742538412007e-005	0.00000000000000000000e+000	7.91600005154032260180e+000	1	1
8.70613046880000038072e+004	0.00000000000000000000e+000	8.70600000000000000000e+004	1.89600730660000006342e-004	0.00000000000000000000e+000	1.09585670469999996612e+002	0.00000000000000000000e+000	-1.76764981162330707095e-004	0.00000000000000000000e+000	6.85753490803126160031e-005	0.00000000000000000000e+000	8.15800005150958895683e+000	1	1
8.70631093750000000000e+004	0.00000000000000000000e+000	8.70620000000000000000e+004	1.89679471080000011706e-004	0.00000000000000000000e+000	1.09527648929999998018e+002	0.00000000000000000000e+000	-1.72562544559042978795e-004	0.00000000000000000000e+000	7.87430629611070461143e-005	0.00000000000000000000e+000	8.39700005145277827978e+000	1	1
8.70652578119999961928e+004	0.00000000000000000000e+000	8.70640000000000000000e+004	1.90148159159999994997e-004	0.00000000000000000000e+000	1.09456756589999997686e+002	0.00000000000000000000e+000	-1.66963035009237459631e-004	0.00000000000000000000e+000	9.09926775759502617664e-005	0.00000000000000000000e+000	8.64000005146954208612e+000	1	1
8.70670000000000000000e+004	0.00000000000000000000e+000	8.70660000000000000000e+004	1.90493214180000009590e-004	0.00000000000000000000e+000	1.09509826660000001652e+002	0.00000000000000000000e+000	-1.71866005600747524286e-004	0.00000000000000000000e+000	8.21568059716976567585e-005	0.00000000000000000000e+000	8.88300005148630589247e+000	1	1
8.70690468750000000000e+004	0.00000000000000000000e+000	8.70680000000000000000e+004	1.91498562339999993213e-004	0.00000000000000000000e+000	1.09474472050000002810e+002	0.00000000000000000000e+000	-1.69745736212138841146e-004	0.00000000000000000000e+000	8.86458369924151710819e-005	0.00000000000000000000e+000	9.12000005145091563463e+000	1	1
8.70705859380000038072e+004	0.00000000000000000000e+000	8.70700000000000000000e+004	1.91515733600000013495e-004	0.00000000000000000000e+000	1.09579437260000005949e+002	0.00000000000000000000e+000	-1.78115113010441213038e-004	0.00000000000000000000e+000	7.03795619027564457564e-005	0.00000000000000000000e+000	9.36200005153659731150e+000	1	1
8.70735078119999961928e+004	0.00000000000000000000e+000	8.70720000000000000000e+004	1.91129249289999998598e-004	0.00000000000000000000e+000	1.09367233279999993556e+002	0.00000000000000000000e+000	-1.58975376678109116008e-004	0.00000000000000000000e+000	1.06100044977428157960e-004	0.00000000000000000000e+000	9.60100005147978663445e+000	1	1
8.70752734380000038072e+004	0.00000000000000000000e+000	8.70740000000000000000e+004	1.91361221369999994369e-004	0.00000000000000000000e+000	1.09318771359999999504e+002	0.00000000000000000000e+000	-1.53835414813264311114e-004	0.00000000000000000000e+000	1.13814683558181728852e-004	0.00000000000000000000e+000	9.84200005151797086000e+000	1	1
8.70770859380000038072e+004	0.00000000000000000000e+000	8.70760000000000000000e+004	1.91832907149999990718e-004	0.00000000000000000000e+000	1.09392875669999995125e+002	0.00000000000000000000e+000	-1.62238578002979396287e-004	0.00000000000000000000e+000	1.02364584076680031248e-004	0.00000000000000000000e+000	1.00820000515086576343e+001	1	1
8.70787500000000000000e+004	0.00000000000000000000e+000	8.70780000000000000000e+004	1.92444087590000007188e-004	0.00000000000000000000e+000	1.09491333010000005288e+002	0.00000000000000000000e+000	-1.72061572127894124194e-004	0.00000000000000000000e+000	8.61947924484134840812e-005	0.00000000000000000000e+000	1.03230000515468418598e+001	1	1
8.70810390619999961928e+004	0.00000000000000000000e+000	8.70800000000000000000e+004	1.93201398360000011671e-004	0.00000000000000000000e+000	1.09217124940000005040e+002	0.00000000000000000000e+000	-1.42853068051834020515e-004	0.00000000000000000000e+000	1.30076059582220931359e-004	0.00000000000000000000e+000	1.05600000515114516020e+001	1	1
8.70827500000000000000e+004	0.00000000000000000000e+000	8.70820000000000000000e+004	1.93152431169999995930e-004	0.00000000000000000000e+000	1.09348236080000006609e+002	0.00000000000000000000e+000	-1.58592389924055949873e-004	0.00000000000000000000e+000	1.10255682506879361979e-004	0.00000000000000000000e+000	1.08000000515021383762e+001	1	1
8.70853046880000038072e+004	0.00000000000000000000e+000	8.70840000000000000000e+004	1.93701722309999987059e-004	0.00000000000000000000e+000	1.09174278259999994134e+002	0.00000000000000000000e+000	-1.37505509734900019901e-004	0.00000000000000000000e+000	1.36427973738546988447e-004	0.00000000000000000000e+000	1.10430000515189021826e+001	1	1
8.70873671880000038072e+004	0.00000000000000000000e+000	8.70860000000000000000e+004	1.93641710210000006845e-004	0.00000000000000000000e+000	1.09186721800000000826e+002	0.00000000000000000000e+000	-1.39149343014939184861e-004	0.00000000000000000000e+000	1.34664666009924128068e-004	0.00000000000000000000e+000	1.12850000514881685376e+001	1	1
8.70895546880000038072e+004	0.00000000000000000000e+000	8.70880000000000000000e+004	1.94572596230000002988e-004	0.00000000000000000000e+000	1.09126953119999996034e+002	0.00000000000000000000e+000	-1.31486000925930767401e-004	0.00000000000000000000e+000	1.43422197599216648921e-004	0.00000000000000000000e+000	1.15290000515524297953e+001	1	1
8.70912265619999961928e+004	0.00000000000000000000e+000	8.70900000000000000000e+004	1.94871958230000011728e-004	0.00000000000000000000e+000	1.09212471010000001570e+002	0.00000000000000000000e+000	-1.43476122120007675660e-004	0.00000000000000000000e+000	1.31869945346919405227e-004	0.00000000000000000000e+000	1.17680000514956191182e+001	1	1
8.70930625000000000000e+004	0.00000000000000000000e+000	8.70920000000000000000e+004	1.95288288519999996603e-004	0.00000000000000000000e+000	1.09174743649999996364e+002	0.00000000000000000000e+000	-1.38695782955704731811e-004	0.00000000000000000000e+000	1.37480891120820165321e-004	0.00000000000000000000e+000	1.20080000514863058925e+001	1	1
8.70955937500000000000e+004	0.00000000000000000000e+000	8.70940000000000000000e+004	1.96508190130000010660e-004	0.00000000000000000000e+000	1.09155052190000006362e+002	0.00000000000000000000e+000	-1.36811178425038146690e-004	0.00000000000000000000e+000	1.41060874256898789725e-004	0.00000000000000000000e+000	1.22490000515244901180e+001	1	1
8.70975468750000000000e+004	0.00000000000000000000e+000	8.70960000000000000000e+004	1.96761349799999996253e-004	0.00000000000000000000e+000	1.09211517330000006609e+002	0.00000000000000000000e+000	-1.44740155673375476154e-004	0.00000000000000000000e+000	1.33286593889876984684e-004	0.00000000000000000000e+000	1.24890000515151768923e+001	1	1
8.70987421880000038072e+004	0.00000000000000000000e+000	8.70980000000000000000e+004	1.97563887919999995983e-004	0.00000000000000000000e+000	1.09255699160000006032e+002	0.00000000000000000000e+000	-1.51099632149461247195e-004	0.00000000000000000000e+000	1.27280756496666919066e-004	0.00000000000000000000e+000	1.27310000514844432473e+001	1	1
8.71012343750000000000e+004	0.00000000000000000000e+000	8.71000000000000000000e+004	1.97962013769999991761e-004	0.00000000000000000000e+000	1.09268539430000004131e+002	0.00000000000000000000e+000	-1.53029211083343053218e-004	0.00000000000000000000e+000	1.25582719556009372213e-004	0.00000000000000000000e+000	1.29730000514537096024e+001	1	1
8.71030625000000000000e+004	0.00000000000000000000e+000	8.71020000000000000000e+004	1.98726294909999992837e-004	0.00000000000000000000e+000	1.09235229489999994712e+002	0.00000000000000000000e+000	-1.49336274806638241632e-004	0.00000000000000000000e+000	1.31113757155885464088e-004	0.00000000000000000000e+000	1.32120000515133142471e+001	1	1
8.71049531250000000000e+004	0.00000000000000000000e+000	8.71040000000000000000e+004	1.98873560289999988223e-004	0.00000000000000000000e+000	1.08976814270000005536e+002	0.00000000000000000000e+000	-1.10953949167922461374e-004	0.00000000000000000000e+000	1.65045188195422220948e-004	0.00000000000000000000e+000	1.34520000515040010214e+001	1	1
8.71066406250000000000e+004	0.00000000000000000000e+000	8.71060000000000000000e+004	2.00034526640000003992e-004	0.00000000000000000000e+000	1.08993408200000004626e+002	0.00000000000000000000e+000	-1.14340911263115807832e-004	0.00000000000000000000e+000	1.64133993613782352364e-004	0.00000000000000000000e+000	1.36960000514518469572e+001	1	1
8.71083203119999961928e+004	0.00000000000000000000e+000	8.71080000000000000000e+004	2.00829308599999989795e-004	0.00000000000000000000e+000	1.08863716130000000248e+002	0.00000000000000000000e+000	-9.25195422640536874149e-005	0.00000000000000000000e+000	1.78248549761292633588e-004	0.00000000000000000000e+000	1.39390000514686107635e+001	1	1
8.71108750000000000000e+004	0.00000000000000000000e+000	8.71100000000000000000e+004	2.01753151490000005776e-004	0.00000000000000000000e+000	1.09041793819999995208e+002	0.00000000000000000000e+000	-1.23195150474943637599e-004	0.00000000000000000000e+000	1.59772616663816609869e-004	0.00000000000000000000e+000	1.41810000515542924404e+001	1	1
8.71133125000000000000e+004	0.00000000000000000000e+000	8.71120000000000000000e+004	2.02043374880000011417e-004	0.00000000000000000000e+000	1.08937202450000000908e+002	0.00000000000000000000e+000	-1.05993794743892494814e-004	0.00000000000000000000e+000	1.72008257966557536172e-004	0.00000000000000000000e+000	1.44180000515189021826e+001	1	1
8.71151953119999961928e+004	0.00000000000000000000e+000	8.71140000000000000000e+004	2.03325442269999996647e-004	0.00000000000000000000e+000	1.08791038510000007022e+002	0.00000000000000000000e+000	-8.03180532279183963251e-005	0.00000000000000000000e+000	1.86789308580465518352e-004	0.00000000000000000000e+000	1.46560000515310093760e+001	1	1
8.71167500000000000000e+004	0.00000000000000000000e+000	8.71160000000000000000e+004	2.03973497260000001920e-004	0.00000000000000000000e+000	1.08810707089999993968e+002	0.00000000000000000000e+000	-8.42438171641786084530e-005	0.00000000000000000000e+000	1.85763739341357128751e-004	0.00000000000000000000e+000	1.49000000514788553119e+001	1	1
8.71191796880000038072e+004	0.00000000000000000000e+000	8.71180000000000000000e+004	2.05177537279999994873e-004	0.00000000000000000000e+000	1.08646514890000005948e+002	0.00000000000000000000e+000	-5.30580625823008113218e-005	0.00000000000000000000e+000	1.98198546410659735568e-004	0.00000000000000000000e+000	1.51400000514695420861e+001	1	1
8.71216875000000000000e+004	0.00000000000000000000e+000	8.71200000000000000000e+004	2.05573014679999991521e-004	0.00000000000000000000e+000	1.08666824340000005122e+002	0.00000000000000000000e+000	-5.71821531043116137050e-005	0.00000000000000000000e+000	1.97460035781872985305e-004	0.00000000000000000000e+000	1.53810000515077263117e+001	1	1
8.71229921880000038072e+004	0.00000000000000000000e+000	8.71220000000000000000e+004	2.07353165019999989170e-004	0.00000000000000000000e+000	1.08660758970000003387e+002	0.00000000000000000000e+000	-5.64682265472056865783e-005	0.00000000000000000000e+000	1.99516100689705737662e-004	0.00000000000000000000e+000	1.56190000515198335052e+001	1	1
8.71245468750000000000e+004	0.00000000000000000000e+000	8.71240000000000000000e+004	2.08483965249999994703e-004	0.00000000000000000000e+000	1.08599082949999996117e+002	0.00000000000000000000e+000	-4.43036000711562297271e-005	0.00000000000000000000e+000	2.03722249121440475515e-004	0.00000000000000000000e+000	1.58620000515365973115e+001	1	1
8.71266796880000038072e+004	0.00000000000000000000e+000	8.71260000000000000000e+004	2.08778525120000013355e-004	0.00000000000000000000e+000	1.08455894470000004048e+002	0.00000000000000000000e+000	-1.47999788290160300288e-005	0.00000000000000000000e+000	2.08253290917438210446e-004	0.00000000000000000000e+000	1.61050000515533611178e+001	1	1
8.71295546880000038072e+004	0.00000000000000000000e+000	8.71280000000000000000e+004	2.10603364389999988182e-004	0.00000000000000000000e+000	1.08363281250000000000e+002	0.00000000000000000000e+000	4.56242788566094147252e-006	0.00000000000000000000e+000	2.10553939274892823637e-004	0.00000000000000000000e+000	1.63540000515058636665e+001	1	1
8.71304609380000038072e+004	0.00000000000000000000e+000	8.71300000000000000000e+004	2.11561738979999997869e-004	0.00000000000000000000e+000	1.08284530639999999835e+002	0.00000000000000000000e+000	2.12084802184634484894e-005	0.00000000000000000000e+000	2.10496008910061502793e-004	0.00000000000000000000e+000	1.65930000514490529895e+001	1	1
8.71335703119999961928e+004	0.00000000000000000000e+000	8.71320000000000000000e+004	2.13134262590000005989e-004	0.00000000000000000000e+000	1.08133148190000000000e+002	0.00000000000000000000e+000	5.31015512204509150464e-005	0.00000000000000000000e+000	2.06413272702520033969e-004	0.00000000000000000000e+000	1.68330000515561550856e+001	1	1
8.71349062500000000000e+004	0.00000000000000000000e+000	8.71340000000000000000e+004	2.14586194489999987052e-004	0.00000000000000000000e+000	1.08297393799999994712e+002	0.00000000000000000000e+000	1.87636177020331726287e-005	0.00000000000000000000e+000	2.13764266229021651991e-004	0.00000000000000000000e+000	1.70760000514565035701e+001	1	1
8.71371953119999961928e+004	0.00000000000000000000e+000	8.71360000000000000000e+004	2.16230197109999988355e-004	0.00000000000000000000e+000	1.08069793700000005288e+002	0.00000000000000000000e+000	6.70231001892176926800e-005	0.00000000000000000000e+000	2.05580646421922548029e-004	0.00000000000000000000e+000	1.73150000515161082149e+001	1	1
8.71388359380000038072e+004	0.00000000000000000000e+000	8.71380000000000000000e+004	2.17239838089999998984e-004	0.00000000000000000000e+000	1.07947998049999995374e+002	0.00000000000000000000e+000	9.19308237812130937252e-005	0.00000000000000000000e+000	1.96829547813017532304e-004	0.00000000000000000000e+000	1.75560000515542924404e+001	1	1
8.71413125000000000000e+004	0.00000000000000000000e+000	8.71400000000000000000e+004	2.19363093490000009636e-004	0.00000000000000000000e+000	1.07649330140000003553e+002	0.00000000000000000000e+000	1.47202353352498171903e-004	0.00000000000000000000e+000	1.62639582983321596662e-004	0.00000000000000000000e+000	1.77970000514760613441e+001	1	1
8.71433203119999961928e+004	0.00000000000000000000e+000	8.71420000000000000000e+004	2.22247195780000001688e-004	0.00000000000000000000e+000	1.07740303040000000578e+002	0.00000000000000000000e+000	1.33551346575730797055e-004	0.00000000000000000000e+000	1.77645303512034038714e-004	0.00000000000000000000e+000	1.80370000514667481184e+001	1	1
8.71457734380000038072e+004	0.00000000000000000000e+000	8.71440000000000000000e+004	2.23349488810000010091e-004	0.00000000000000000000e+000	1.07521087649999998348e+002	0.00000000000000000000e+000	1.69824812183203509557e-004	0.00000000000000000000e+000	1.45067319953971627300e-004	0.00000000000000000000e+000	1.82780000515049323440e+001	1	1
8.71469296880000038072e+004	0.00000000000000000000e+000	8.71460000000000000000e+004	2.26228556129999991593e-004	0.00000000000000000000e+000	1.07267150880000002644e+002	0.00000000000000000000e+000	2.03410661580228865376e-004	0.00000000000000000000e+000	9.90124354016108768105e-005	0.00000000000000000000e+000	1.85190000515431165695e+001	1	1
8.71487109380000038072e+004	0.00000000000000000000e+000	8.71480000000000000000e+004	2.28046657869999990290e-004	0.00000000000000000000e+000	1.07128974909999996612e+002	0.00000000000000000000e+000	2.16838319448436304005e-004	0.00000000000000000000e+000	7.06145975309264024291e-005	0.00000000000000000000e+000	1.87590000515338033438e+001	1	1
8.71509765619999961928e+004	0.00000000000000000000e+000	8.71500000000000000000e+004	2.31138124950000008054e-004	0.00000000000000000000e+000	1.06970306399999998348e+002	0.00000000000000000000e+000	2.28325723982606809247e-004	0.00000000000000000000e+000	3.59471358138623874371e-005	0.00000000000000000000e+000	1.89980000514769926667e+001	1	1
8.71533515619999961928e+004	0.00000000000000000000e+000	8.71520000000000000000e+004	2.33871818639999997421e-004	0.00000000000000000000e+000	1.06653770449999996117e+002	0.00000000000000000000e+000	2.30870473203147175394e-004	0.00000000000000000000e+000	-3.73477195680800612703e-005	0.00000000000000000000e+000	1.92400000514462590218e+001	1	1
8.71553750000000000000e+004	0.00000000000000000000e+000	8.71540000000000000000e+004	2.37544940319999993514e-004	0.00000000000000000000e+000	1.06407135010000004627e+002	0.00000000000000000000e+000	2.18139062755746813331e-004	0.00000000000000000000e+000	-9.40369500338920287323e-005	0.00000000000000000000e+000	1.94810000514844432473e+001	1	1
8.71570859380000038072e+004	0.00000000000000000000e+000	8.71560000000000000000e+004	2.40528825090000010403e-004	0.00000000000000000000e+000	1.06090454100000002313e+002	0.00000000000000000000e+000	1.80243506138517343811e-004	0.00000000000000000000e+000	-1.59268308819017972511e-004	0.00000000000000000000e+000	1.97200000515440478921e+001	1	1
8.71587343750000000000e+004	0.00000000000000000000e+000	8.71580000000000000000e+004	2.44835013290000010327e-004	0.00000000000000000000e+000	1.05610298159999999257e+002	0.00000000000000000000e+000	8.78381852034037553670e-005	0.00000000000000000000e+000	-2.28535854851896335239e-004	0.00000000000000000000e+000	1.99620000515133142471e+001	1	1
8.71615390619999961928e+004	0.00000000000000000000e+000	8.71600000000000000000e+004	2.48859229030000026709e-004	0.00000000000000000000e+000	1.05424919130000006362e+002	0.00000000000000000000e+000	4.49363367392000597877e-005	0.00000000000000000000e+000	-2.44768546823049214754e-004	0.00000000000000000000e+000	2.02020000515040010214e+001	1	1
8.71635859380000038072e+004	0.00000000000000000000e+000	8.71620000000000000000e+004	2.53043574050000022631e-004	0.00000000000000000000e+000	1.04920997619999994299e+002	0.00000000000000000000e+000	-8.01647977055844492521e-005	0.00000000000000000000e+000	-2.40009698922398918147e-004	0.00000000000000000000e+000	2.04420000514946877956e+001	1	1
8.71655234380000038072e+004	0.00000000000000000000e+000	8.71640000000000000000e+004	2.57784995480000024386e-004	0.00000000000000000000e+000	1.04281875610000000165e+002	0.00000000000000000000e+000	-2.11393620766425066604e-004	0.00000000000000000000e+000	-1.47532508261347231103e-004	0.00000000000000000000e+000	2.06810000515542924404e+001	1	1
8.71671484380000038072e+004	0.00000000000000000000e+000	8.71660000000000000000e+004	2.64282600259999978041e-004	0.00000000000000000000e+000	1.03717964170000001900e+002	0.00000000000000000000e+000	-2.64010203490197309546e-004	0.00000000000000000000e+000	-1.19960515692266043764e-005	0.00000000000000000000e+000	2.09210000515449792147e+001	1	1
8.71694218750000000000e+004	0.00000000000000000000e+000	8.71680000000000000000e+004	2.70659453239999972952e-004	0.00000000000000000000e+000	1.02868591309999999339e+002	0.00000000000000000000e+000	-1.87798690223429768937e-004	0.00000000000000000000e+000	1.94905596580857541503e-004	0.00000000000000000000e+000	2.11640000514453276992e+001	1	1
8.71706015619999961928e+004	0.00000000000000000000e+000	8.71700000000000000000e+004	2.78382678519999984205e-004	0.00000000000000000000e+000	1.01989334110000001488e+002	0.00000000000000000000e+000	3.12318744790738225142e-005	0.00000000000000000000e+000	2.76625171877927704487e-004	0.00000000000000000000e+000	2.14070000514620915055e+001	1	1
8.71734531250000000000e+004	0.00000000000000000000e+000	8.71720000000000000000e+004	2.86919705099999988469e-004	0.00000000000000000000e+000	1.00887207029999999008e+002	0.00000000000000000000e+000	2.68905169762289621930e-004	0.00000000000000000000e+000	1.00064613374484988545e-004	0.00000000000000000000e+000	2.16460000515216961503e+001	1	1
8.71750703119999961928e+004	0.00000000000000000000e+000	8.71740000000000000000e+004	2.97544582279999996442e-004	0.00000000000000000000e+000	9.95217056270000028917e+001	0.00000000000000000000e+000	1.58438870145532101656e-004	0.00000000000000000000e+000	-2.51852938976671264851e-004	0.00000000000000000000e+000	2.18850000514648854733e+001	1	1
8.71771953119999961928e+004	0.00000000000000000000e+000	8.71760000000000000000e+004	3.08602466249999977509e-004	0.00000000000000000000e+000	9.78113250730000061139e+001	0.00000000000000000000e+000	-2.81535227975530130511e-004	0.00000000000000000000e+000	-1.26385907380327223949e-004	0.00000000000000000000e+000	2.21340000515338033438e+001	1	1
8.71791328119999961928e+004	0.00000000000000000000e+000	8.71780000000000000000e+004	3.22864420009999996113e-004	0.00000000000000000000e+000	9.56457900999999992564e+001	0.00000000000000000000e+000	5.55092290006209832919e-005	0.00000000000000000000e+000	3.18056849013113223171e-004	0.00000000000000000000e+000	2.23730000514769926667e+001	1	1
8.71810781250000000000e+004	0.00000000000000000000e+000	8.71800000000000000000e+004	3.38214042129999993731e-004	0.00000000000000000000e+000	9.27421951289999952905e+001	0.00000000000000000000e+000	2.20399338715293458663e-005	0.00000000000000000000e+000	-3.37495154941299909442e-004	0.00000000000000000000e+000	2.26160000514937564731e+001	1	1
8.71826796880000038072e+004	0.00000000000000000000e+000	8.71820000000000000000e+004	3.55226540709999984938e-004	0.00000000000000000000e+000	8.91766967770000036353e+001	0.00000000000000000000e+000	1.24702814141007512459e-004	0.00000000000000000000e+000	3.32618555360500933130e-004	0.00000000000000000000e+000	2.28550000515533611178e+001	1	1
8.71849921880000038072e+004	0.00000000000000000000e+000	8.71840000000000000000e+004	3.75271571100000019515e-004	0.00000000000000000000e+000	8.42643051149999990912e+001	0.00000000000000000000e+000	-3.18210318580933908868e-004	0.00000000000000000000e+000	1.98924471155468706330e-004	0.00000000000000000000e+000	2.30970000515226274729e+001	1	1
8.71875234380000038072e+004	0.00000000000000000000e+000	8.71860000000000000000e+004	3.93599737440000025865e-004	0.00000000000000000000e+000	7.77937774659999945470e+001	0.00000000000000000000e+000	-2.89053026324330355340e-004	0.00000000000000000000e+000	2.67149960294930488135e-004	0.00000000000000000000e+000	2.33350000515347346663e+001	1	1
8.71891406250000000000e+004	0.00000000000000000000e+000	8.71880000000000000000e+004	4.07520361479999987039e-004	0.00000000000000000000e+000	6.92902755740000060314e+001	0.00000000000000000000e+000	4.01279274198540600229e-004	0.00000000000000000000e+000	7.10477946137831649701e-005	0.00000000000000000000e+000	2.35770000515040010214e+001	1	1
8.71909687500000000000e+004	0.00000000000000000000e+000	8.71900000000000000000e+004	4.06429258870000015454e-004	0.00000000000000000000e+000	5.89495086670000034701e+001	0.00000000000000000000e+000	-2.99929126564226866507e-004	0.00000000000000000000e+000	2.74275885750164768496e-004	0.00000000000000000000e+000	2.38190000514732673764e+001	1	1
8.71927734380000038072e+004	0.00000000000000000000e+000	8.71920000000000000000e+004	3.83135280570000009807e-004	0.00000000000000000000e+000	4.73481941220000024373e+001	0.00000000000000000000e+000	-3.73537390156048973184e-004	0.00000000000000000000e+000	-8.52200761139079287360e-005	0.00000000000000000000e+000	2.40610000514425337315e+001	1	1
8.71954921880000038072e+004	0.00000000000000000000e+000	8.71940000000000000000e+004	3.38589394230000024361e-004	0.00000000000000000000e+000	3.62812957760000003304e+001	0.00000000000000000000e+000	5.15956939701550464485e-005	0.00000000000000000000e+000	-3.34635118074562616132e-004	0.00000000000000000000e+000	2.42990000514546409249e+001	1	1
8.71973203119999961928e+004	0.00000000000000000000e+000	8.71960000000000000000e+004	2.83107627179999990323e-004	0.00000000000000000000e+000	2.74800033570000010741e+001	0.00000000000000000000e+000	-1.98391215015365557015e-004	0.00000000000000000000e+000	2.01967458696238625010e-004	0.00000000000000000000e+000	2.45410000515403226018e+001	1	1
8.71994140619999961928e+004	0.00000000000000000000e+000	8.71980000000000000000e+004	2.27205047849999994475e-004	0.00000000000000000000e+000	2.15783081050000014045e+001	0.00000000000000000000e+000	-2.08116390004157520094e-004	0.00000000000000000000e+000	9.11575667740105178823e-005	0.00000000000000000000e+000	2.47910000515403226018e+001	1	1
8.72012500000000000000e+004	0.00000000000000000000e+000	8.72000000000000000000e+004	1.78154441530000009564e-004	0.00000000000000000000e+000	1.89086532590000011567e+001	0.00000000000000000000e+000	1.77843430288502729565e-004	0.00000000000000000000e+000	1.05223257925548146260e-005	0.00000000000000000000e+000	2.50300000514835119247e+001	1	1
8.72027421880000038072e+004	0.00000000000000000000e+000	8.72020000000000000000e+004	1.39915166069999987244e-004	0.00000000000000000000e+000	1.96811923980000003098e+001	0.00000000000000000000e+000	9.42562651057147923806e-005	0.00000000000000000000e+000	1.03402176885773969413e-004	0.00000000000000000000e+000	2.52670000514481216669e+001	1	1
8.72051406250000000000e+004	0.00000000000000000000e+000	8.72040000000000000000e+004	1.10339438829999995570e-004	0.00000000000000000000e+000	2.36772747039999984509e+001	0.00000000000000000000e+000	1.26972343268227709186e-005	0.00000000000000000000e+000	-1.09606441424621865429e-004	0.00000000000000000000e+000	2.55070000515552237630e+001	1	1
8.72070312500000000000e+004	0.00000000000000000000e+000	8.72060000000000000000e+004	9.02628526090000005751e-005	0.00000000000000000000e+000	3.09794445039999999381e+001	0.00000000000000000000e+000	8.18002139964190376487e-005	0.00000000000000000000e+000	-3.81589773350139469335e-005	0.00000000000000000000e+000	2.57490000515244901180e+001	1	1
8.72090468750000000000e+004	0.00000000000000000000e+000	8.72080000000000000000e+004	7.70975966589999958580e-005	0.00000000000000000000e+000	4.18326568600000001652e+001	0.00000000000000000000e+000	-4.21767482812363686279e-005	0.00000000000000000000e+000	-6.45380609796658810369e-005	0.00000000000000000000e+000	2.59890000515151768923e+001	1	1
8.72109453119999961928e+004	0.00000000000000000000e+000	8.72100000000000000000e+004	6.98160947650000026721e-005	0.00000000000000000000e+000	5.32284660340000002066e+001	0.00000000000000000000e+000	-6.87054433885871579423e-005	0.00000000000000000000e+000	1.24035937136422463059e-005	0.00000000000000000000e+000	2.62310000514844432473e+001	1	1
8.72131562500000000000e+004	0.00000000000000000000e+000	8.72120000000000000000e+004	6.79554941599999975943e-005	0.00000000000000000000e+000	6.41323547359999963646e+001	0.00000000000000000000e+000	1.81451642935156375524e-005	0.00000000000000000000e+000	6.54881836615669055829e-005	0.00000000000000000000e+000	2.64730000514537096024e+001	1	1
8.72146562500000000000e+004	0.00000000000000000000e+000	8.72140000000000000000e+004	6.95562193870000042761e-005	0.00000000000000000000e+000	7.33913879389999976866e+001	0.00000000000000000000e+000	-2.93772635104052484245e-005	0.00000000000000000000e+000	-6.30479503556831546518e-005	0.00000000000000000000e+000	2.67110000514658167958e+001	1	1
8.72167500000000000000e+004	0.00000000000000000000e+000	8.72160000000000000000e+004	7.23328339519999975217e-005	0.00000000000000000000e+000	8.12505340579999995043e+001	0.00000000000000000000e+000	6.57216611613626000522e-005	0.00000000000000000000e+000	-3.02109602912361309153e-005	0.00000000000000000000e+000	2.69540000514825806022e+001	1	1
8.72188281250000000000e+004	0.00000000000000000000e+000	8.72180000000000000000e+004	7.70036931499999975680e-005	0.00000000000000000000e+000	8.71199493409999945470e+001	0.00000000000000000000e+000	5.11302058917920867055e-005	0.00000000000000000000e+000	-5.75783883432169892665e-005	0.00000000000000000000e+000	2.71920000514946877956e+001	1	1
8.72211875000000000000e+004	0.00000000000000000000e+000	8.72200000000000000000e+004	8.05490271889999976578e-005	0.00000000000000000000e+000	9.04480590820000003305e+001	0.00000000000000000000e+000	-6.37254510119312968935e-005	0.00000000000000000000e+000	4.92667501913836899247e-005	0.00000000000000000000e+000	2.74320000514853745699e+001	1	1
8.72229531250000000000e+004	0.00000000000000000000e+000	8.72220000000000000000e+004	8.50182332209999987041e-005	0.00000000000000000000e+000	9.41261901860000023134e+001	0.00000000000000000000e+000	8.43905528472862305131e-005	0.00000000000000000000e+000	-1.03118655028921170293e-005	0.00000000000000000000e+000	2.76730000515235587955e+001	1	1
8.72246796880000038072e+004	0.00000000000000000000e+000	8.72240000000000000000e+004	8.94364929989999971234e-005	0.00000000000000000000e+000	9.68095474240000015698e+001	0.00000000000000000000e+000	-7.48188700949541627989e-005	0.00000000000000000000e+000	4.90002342614252183752e-005	0.00000000000000000000e+000	2.79170000514714047313e+001	1	1
8.72273125000000000000e+004	0.00000000000000000000e+000	8.72260000000000000000e+004	9.30490205059999976253e-005	0.00000000000000000000e+000	9.86396560670000042137e+001	0.00000000000000000000e+000	-2.93153751455149397948e-005	0.00000000000000000000e+000	-8.83104127337412810831e-005	0.00000000000000000000e+000	2.81580000515095889568e+001	1	1
8.72293750000000000000e+004	0.00000000000000000000e+000	8.72280000000000000000e+004	9.66276420509999938585e-005	0.00000000000000000000e+000	1.00084465030000004049e+002	0.00000000000000000000e+000	8.71546558001281906295e-005	0.00000000000000000000e+000	-4.17248988099116051320e-005	0.00000000000000000000e+000	2.83960000515216961503e+001	1	1
8.72313203119999961928e+004	0.00000000000000000000e+000	8.72300000000000000000e+004	9.99779222179999994477e-005	0.00000000000000000000e+000	1.01706703189999998926e+002	0.00000000000000000000e+000	3.84776800707688348556e-005	0.00000000000000000000e+000	9.22770451813451672140e-005	0.00000000000000000000e+000	2.86340000515338033438e+001	1	1
8.72323828119999961928e+004	0.00000000000000000000e+000	8.72320000000000000000e+004	1.04024729809999995594e-004	0.00000000000000000000e+000	1.02826957699999994134e+002	0.00000000000000000000e+000	-6.89977806462278533310e-005	0.00000000000000000000e+000	7.78488964465041499534e-005	0.00000000000000000000e+000	2.88770000515505671501e+001	1	1
8.72353828119999961928e+004	0.00000000000000000000e+000	8.72340000000000000000e+004	1.05530685690000006292e-004	0.00000000000000000000e+000	1.03168731690000001322e+002	0.00000000000000000000e+000	-9.24176452829419411246e-005	0.00000000000000000000e+000	5.09480565140407420217e-005	0.00000000000000000000e+000	2.91160000514937564731e+001	1	1
8.72373750000000000000e+004	0.00000000000000000000e+000	8.72360000000000000000e+004	1.08563348479999994124e-004	0.00000000000000000000e+000	1.04175552370000005453e+002	0.00000000000000000000e+000	-9.51170009188513030382e-005	0.00000000000000000000e+000	-5.23331326158978996630e-005	0.00000000000000000000e+000	2.93580000514630228281e+001	1	1
8.72391171880000038072e+004	0.00000000000000000000e+000	8.72380000000000000000e+004	1.10895620309999995163e-004	0.00000000000000000000e+000	1.04744445799999994051e+002	0.00000000000000000000e+000	-5.30598965854240693586e-005	0.00000000000000000000e+000	-9.73780569650256887541e-005	0.00000000000000000000e+000	2.95970000515226274729e+001	1	1
8.72406015619999961928e+004	0.00000000000000000000e+000	8.72400000000000000000e+004	1.13708323619999995715e-004	0.00000000000000000000e+000	1.05127479550000003883e+002	0.00000000000000000000e+000	-1.31464122190873227396e-005	0.00000000000000000000e+000	-1.12945804287881720971e-004	0.00000000000000000000e+000	2.98400000515393912792e+001	1	1
8.72428828119999961928e+004	0.00000000000000000000e+000	8.72420000000000000000e+004	1.15320610350000006452e-004	0.00000000000000000000e+000	1.05448356630000006362e+002	0.00000000000000000000e+000	2.34757978958746405744e-005	0.00000000000000000000e+000	-1.12905846104834514903e-004	0.00000000000000000000e+000	3.00800000515300780535e+001	1	1
8.72454765619999961928e+004	0.00000000000000000000e+000	8.72440000000000000000e+004	1.16729293950000001761e-004	0.00000000000000000000e+000	1.05614524840000001404e+002	0.00000000000000000000e+000	4.23385189016403385700e-005	0.00000000000000000000e+000	-1.08780411303142950769e-004	0.00000000000000000000e+000	3.03200000515207648277e+001	1	1
8.72473046880000038072e+004	0.00000000000000000000e+000	8.72460000000000000000e+004	1.19067110060000003538e-004	0.00000000000000000000e+000	1.06446525570000005700e+002	0.00000000000000000000e+000	1.11111483581326892477e-004	0.00000000000000000000e+000	-4.27926969750292446478e-005	0.00000000000000000000e+000	3.05630000515375286341e+001	1	1
8.72491171880000038072e+004	0.00000000000000000000e+000	8.72480000000000000000e+004	1.21072931510000003554e-004	0.00000000000000000000e+000	1.06823745729999998844e+002	0.00000000000000000000e+000	1.21067357731975049160e-004	0.00000000000000000000e+000	1.16173844867577723896e-006	0.00000000000000000000e+000	3.08050000515067949891e+001	1	1
8.72516015619999961928e+004	0.00000000000000000000e+000	8.72500000000000000000e+004	1.22184734209999988457e-004	0.00000000000000000000e+000	1.06922805789999998183e+002	0.00000000000000000000e+000	1.21464185062642024068e-004	0.00000000000000000000e+000	1.32499441899424462020e-005	0.00000000000000000000e+000	3.10460000515449792147e+001	1	1
8.72531093750000000000e+004	0.00000000000000000000e+000	8.72520000000000000000e+004	1.24012978630000012502e-004	0.00000000000000000000e+000	1.07337341309999999339e+002	0.00000000000000000000e+000	1.07423660246547516476e-004	0.00000000000000000000e+000	6.19626991658623997583e-005	0.00000000000000000000e+000	3.12890000514453276992e+001	1	1
8.72556015619999961928e+004	0.00000000000000000000e+000	8.72540000000000000000e+004	1.25105158079999993119e-004	0.00000000000000000000e+000	1.07285453799999999092e+002	0.00000000000000000000e+000	1.11465838229863969141e-004	0.00000000000000000000e+000	5.68037629557724443093e-005	0.00000000000000000000e+000	3.15290000515524297953e+001	1	1
8.72574296880000038072e+004	0.00000000000000000000e+000	8.72560000000000000000e+004	1.26395592819999997127e-004	0.00000000000000000000e+000	1.07503150939999997604e+002	0.00000000000000000000e+000	9.75624463228745721728e-005	0.00000000000000000000e+000	8.03580422348345452255e-005	0.00000000000000000000e+000	3.17670000514481216669e+001	1	1
8.72590546880000038072e+004	0.00000000000000000000e+000	8.72580000000000000000e+004	1.27930659800000012371e-004	0.00000000000000000000e+000	1.07899002080000002479e+002	0.00000000000000000000e+000	5.97492086095003133877e-005	0.00000000000000000000e+000	1.13120669143184236142e-004	0.00000000000000000000e+000	3.20100000514648854733e+001	1	1
8.72607031250000000000e+004	0.00000000000000000000e+000	8.72600000000000000000e+004	1.28885279990000013121e-004	0.00000000000000000000e+000	1.07622711179999996034e+002	0.00000000000000000000e+000	8.90004410346393053273e-005	0.00000000000000000000e+000	9.32219764526604892938e-005	0.00000000000000000000e+000	3.22510000515030696988e+001	1	1
8.72631718750000000000e+004	0.00000000000000000000e+000	8.72620000000000000000e+004	1.30402244389999993294e-004	0.00000000000000000000e+000	1.08192253109999995786e+002	0.00000000000000000000e+000	2.49724438389520658429e-005	0.00000000000000000000e+000	1.27988758844906639007e-004	0.00000000000000000000e+000	3.24910000514937564731e+001	1	1
8.72648125000000000000e+004	0.00000000000000000000e+000	8.72640000000000000000e+004	1.31720604259999993571e-004	0.00000000000000000000e+000	1.07698059079999993060e+002	0.00000000000000000000e+000	8.35284577483097061571e-005	0.00000000000000000000e+000	1.01849468986383846856e-004	0.00000000000000000000e+000	3.27320000515319406986e+001	1	1
8.72675156250000000000e+004	0.00000000000000000000e+000	8.72660000000000000000e+004	1.32373519589999987271e-004	0.00000000000000000000e+000	1.08200218199999994795e+002	0.00000000000000000000e+000	2.43143033448954651614e-005	0.00000000000000000000e+000	1.30121340838067428656e-004	0.00000000000000000000e+000	3.29730000514537096024e+001	1	1
8.72688906250000000000e+004	0.00000000000000000000e+000	8.72680000000000000000e+004	1.33335852299999995264e-004	0.00000000000000000000e+000	1.08254234310000001074e+002	0.00000000000000000000e+000	1.73790401336453702470e-005	0.00000000000000000000e+000	1.32198405711266269574e-004	0.00000000000000000000e+000	3.32140000514918938279e+001	1	1
8.72711015619999961928e+004	0.00000000000000000000e+000	8.72700000000000000000e+004	1.33996029040000001146e-004	0.00000000000000000000e+000	1.08431892399999995291e+002	0.00000000000000000000e+000	-6.28824724866851616741e-006	0.00000000000000000000e+000	1.33848398365569315211e-004	0.00000000000000000000e+000	3.34570000515086576343e+001	1	1
8.72730390619999961928e+004	0.00000000000000000000e+000	8.72720000000000000000e+004	1.34998917929999992993e-004	0.00000000000000000000e+000	1.08504470830000002479e+002	0.00000000000000000000e+000	-1.60972569314391253457e-005	0.00000000000000000000e+000	1.34035764486774598226e-004	0.00000000000000000000e+000	3.37040000514825806022e+001	1	1
8.72749765619999961928e+004	0.00000000000000000000e+000	8.72740000000000000000e+004	1.36089496660000009842e-004	0.00000000000000000000e+000	1.08731872559999999339e+002	0.00000000000000000000e+000	-4.62715952426498390235e-005	0.00000000000000000000e+000	1.27981602485953183156e-004	0.00000000000000000000e+000	3.39430000515421852469e+001	1	1
8.72775703119999961928e+004	0.00000000000000000000e+000	8.72760000000000000000e+004	1.36892122100000008687e-004	0.00000000000000000000e+000	1.08646934509999994134e+002	0.00000000000000000000e+000	-3.54552223025884994463e-005	0.00000000000000000000e+000	1.32220952592678516607e-004	0.00000000000000000000e+000	3.41830000515328720212e+001	1	1
8.72790156250000000000e+004	0.00000000000000000000e+000	8.72780000000000000000e+004	1.37254683069999987733e-004	0.00000000000000000000e+000	1.08753631589999997686e+002	0.00000000000000000000e+000	-4.94650982341196182655e-005	0.00000000000000000000e+000	1.28031449579136744066e-004	0.00000000000000000000e+000	3.44220000514760613441e+001	1	1
8.72813906250000000000e+004	0.00000000000000000000e+000	8.72800000000000000000e+004	1.38191040610000001046e-004	0.00000000000000000000e+000	1.08780380249999993225e+002	0.00000000000000000000e+000	-5.32323575630881142256e-005	0.00000000000000000000e+000	1.27526780768394718902e-004	0.00000000000000000000e+000	3.46640000514453276992e+001	1	1
8.72829062500000000000e+004	0.00000000000000000000e+000	8.72820000000000000000e+004	1.38172646980000001383e-004	0.00000000000000000000e+000	1.09187339780000002065e+002	0.00000000000000000000e+000	-9.93490921681269991512e-005	0.00000000000000000000e+000	9.60283200875070464420e-005	0.00000000000000000000e+000	3.49030000515049323440e+001	1	1
8.72848750000000000000e+004	0.00000000000000000000e+000	8.72840000000000000000e+004	1.39793555720000000492e-004	0.00000000000000000000e+000	1.08784027100000002974e+002	0.00000000000000000000e+000	-5.43197649853427509507e-005	0.00000000000000000000e+000	1.28808390071368710026e-004	0.00000000000000000000e+000	3.51420000514481216669e+001	1	1
8.72871718750000000000e+004	0.00000000000000000000e+000	8.72860000000000000000e+004	1.39737865539999990636e-004	0.00000000000000000000e+000	1.09215225219999993556e+002	0.00000000000000000000e+000	-1.03143230987237771701e-004	0.00000000000000000000e+000	9.42769588350644095536e-005	0.00000000000000000000e+000	3.53790000515291467309e+001	1	1
8.72890546880000038072e+004	0.00000000000000000000e+000	8.72880000000000000000e+004	1.40654461570000006770e-004	0.00000000000000000000e+000	1.08953056340000003388e+002	0.00000000000000000000e+000	-7.56776866960497416941e-005	0.00000000000000000000e+000	1.18560386706020588592e-004	0.00000000000000000000e+000	3.56180000514723360538e+001	1	1
8.72912421880000038072e+004	0.00000000000000000000e+000	8.72900000000000000000e+004	1.41211217850000002663e-004	0.00000000000000000000e+000	1.09077178959999997687e+002	0.00000000000000000000e+000	-9.01290952741679940799e-005	0.00000000000000000000e+000	1.08707654890261094360e-004	0.00000000000000000000e+000	3.58590000515105202794e+001	1	1
8.72934765619999961928e+004	0.00000000000000000000e+000	8.72920000000000000000e+004	1.41433702080000011725e-004	0.00000000000000000000e+000	1.09116050720000004048e+002	0.00000000000000000000e+000	-9.44341554249577050774e-005	0.00000000000000000000e+000	1.05288567153462254630e-004	0.00000000000000000000e+000	3.60980000514537096024e+001	1	1
8.72953593750000000000e+004	0.00000000000000000000e+000	8.72940000000000000000e+004	1.42675897219999995094e-004	0.00000000000000000000e+000	1.09042549129999997604e+002	0.00000000000000000000e+000	-8.72065259108344988754e-005	0.00000000000000000000e+000	1.12922245311076560755e-004	0.00000000000000000000e+000	3.63400000515393912792e+001	1	1
8.72967109380000038072e+004	0.00000000000000000000e+000	8.72960000000000000000e+004	1.42790770040000005716e-004	0.00000000000000000000e+000	1.09028427120000003470e+002	0.00000000000000000000e+000	-8.56721159374562387951e-005	0.00000000000000000000e+000	1.14234375559265101114e-004	0.00000000000000000000e+000	3.65800000515300780535e+001	1	1
8.72988125000000000000e+004	0.00000000000000000000e+000	8.72980000000000000000e+004	1.43763390950000006195e-004	0.00000000000000000000e+000	1.09182975769999998761e+002	0.00000000000000000000e+000	-1.02931948977592018077e-004	0.00000000000000000000e+000	1.00363969915089230878e-004	0.00000000000000000000e+000	3.68240000514779239893e+001	1	1
8.73009375000000000000e+004	0.00000000000000000000e+000	8.73000000000000000000e+004	1.43781289809999997687e-004	0.00000000000000000000e+000	1.09230247500000004379e+002	0.00000000000000000000e+000	-1.07572966790929749003e-004	0.00000000000000000000e+000	9.53997699956595038859e-005	0.00000000000000000000e+000	3.70620000514900311828e+001	1	1
8.73031250000000000000e+004	0.00000000000000000000e+000	8.73020000000000000000e+004	1.44589605039999988300e-004	0.00000000000000000000e+000	1.09358673100000004297e+002	0.00000000000000000000e+000	-1.19573665638743019944e-004	0.00000000000000000000e+000	8.12914040433382881949e-005	0.00000000000000000000e+000	3.73010000515496358275e+001	1	1
8.73053203119999961928e+004	0.00000000000000000000e+000	8.73040000000000000000e+004	1.44631514559999987653e-004	0.00000000000000000000e+000	1.09078659060000006775e+002	0.00000000000000000000e+000	-9.24768188936827900074e-005	0.00000000000000000000e+000	1.11203925161050334327e-004	0.00000000000000000000e+000	3.75390000514453276992e+001	1	1
8.73069531250000000000e+004	0.00000000000000000000e+000	8.73060000000000000000e+004	1.45279962449999989647e-004	0.00000000000000000000e+000	1.09264282230000006280e+002	0.00000000000000000000e+000	-1.11911397812139979638e-004	0.00000000000000000000e+000	9.26396595913778051921e-005	0.00000000000000000000e+000	3.77790000515524297953e+001	1	1
8.73091015619999961928e+004	0.00000000000000000000e+000	8.73080000000000000000e+004	1.45191050249999988476e-004	0.00000000000000000000e+000	1.09335586550000002148e+002	0.00000000000000000000e+000	-1.18154678650867321914e-004	0.00000000000000000000e+000	8.43795768276204449137e-005	0.00000000000000000000e+000	3.80220000514527782798e+001	1	1
8.73106328119999961928e+004	0.00000000000000000000e+000	8.73100000000000000000e+004	1.46073783979999986989e-004	0.00000000000000000000e+000	1.09168334959999995704e+002	0.00000000000000000000e+000	-1.03081967913077362890e-004	0.00000000000000000000e+000	1.03497141300632004282e-004	0.00000000000000000000e+000	3.82630000514909625053e+001	1	1
8.73133750000000000000e+004	0.00000000000000000000e+000	8.73120000000000000000e+004	1.46706603119999988340e-004	0.00000000000000000000e+000	1.09305664059999998017e+002	0.00000000000000000000e+000	-1.16783751886881623249e-004	0.00000000000000000000e+000	8.87940465021865320055e-005	0.00000000000000000000e+000	3.85050000514602288604e+001	1	1
8.73155859380000038072e+004	0.00000000000000000000e+000	8.73140000000000000000e+004	1.46956823300000013425e-004	0.00000000000000000000e+000	1.09307327270000001818e+002	0.00000000000000000000e+000	-1.17130709343212720025e-004	0.00000000000000000000e+000	8.87508019298036924128e-005	0.00000000000000000000e+000	3.87450000514509156346e+001	1	1
8.73172968750000000000e+004	0.00000000000000000000e+000	8.73160000000000000000e+004	1.46573162059999989463e-004	0.00000000000000000000e+000	1.09461257930000002148e+002	0.00000000000000000000e+000	-1.29015640838718093682e-004	0.00000000000000000000e+000	6.95604503668709173419e-005	0.00000000000000000000e+000	3.89870000515365973115e+001	1	1
8.73190156250000000000e+004	0.00000000000000000000e+000	8.73180000000000000000e+004	1.48036750030000011525e-004	0.00000000000000000000e+000	1.09465049739999997769e+002	0.00000000000000000000e+000	-1.30569366750795182175e-004	0.00000000000000000000e+000	6.97604459972916930493e-005	0.00000000000000000000e+000	3.92280000514583662152e+001	1	1
8.73205234380000038072e+004	0.00000000000000000000e+000	8.73200000000000000000e+004	1.47642916999999988543e-004	0.00000000000000000000e+000	1.09347023010000000909e+002	0.00000000000000000000e+000	-1.21123398619108193163e-004	0.00000000000000000000e+000	8.44248378572651252865e-005	0.00000000000000000000e+000	3.94790000515058636665e+001	1	1
8.73229921880000038072e+004	0.00000000000000000000e+000	8.73220000000000000000e+004	1.47780781839999993121e-004	0.00000000000000000000e+000	1.09393035889999993060e+002	0.00000000000000000000e+000	-1.24995068267266790487e-004	0.00000000000000000000e+000	7.88377599257042904410e-005	0.00000000000000000000e+000	3.97210000514751300216e+001	1	1
